[[-0.011387540074770826, -0.01760017191179109, -0.17495206318892315, 0.007993675393163941, -0.004779440839944767, 4.4307578128308435e-06]]	[[0.0, 0.0, 0.0, 0.0, 0.0, 0.0]]
[[0.06267316902891874, -0.2173269063932112, -0.5463050156560665, 0.1313994206553138, 0.04111255459432421, 6.070329755331708e-05]]	[[0.0, 0.0, 0.0, 0.0, 0.0, 0.0]]
[[-0.014215596286191956, -0.018142520635351114, -0.16659955388063613, 0.007130427676585164, -0.006390633788635791, 4.813128890067979e-06]]	[[0.0, 0.0, 0.0, 0.0, 0.0, 0.0]]
[[-0.013966521763791824, -0.022994433150625163, -0.1721543489361838, 0.009863119351574915, -0.005979602660236764, 4.525349557750885e-06]]	[[0.0, 0.0, 0.0, 0.0, 0.0, 0.0]]
[[-0.014900815772699291, -0.02476087668583191, -0.17207312117692147, 0.010658643190259222, -0.006347126853175268, 4.588026942969945e-06]]	[[0.0, 0.0, 0.0, 0.0, 0.0, 0.0]]
[[-0.01581744570176975, -0.026572157848295606, -0.17207287819261635, 0.011479355847338977, -0.0067054270949216625, 4.62778305072809e-06]]	[[0.0, 0.0, 0.0, 0.0, 0.0, 0.0]]
[[-0.016737805759540494, -0.028383286331052922, -0.1720739770204766, 0.012299263144809237, -0.007063819104128795, 4.679867999479193e-06]]	[[0.0, 0.0, 0.0, 0.0, 0.0, 0.0]]
[[-0.017656799945814875, -0.03019484179872728, -0.1720711915250836, 0.013120620670909921, -0.00742241825370508, 4.723501938827902e-06]]	[[0.0, 0.0, 0.0, 0.0, 0.0, 0.0]]
[[-0.018571227903962234, -0.03200212719248679, -0.17207169522481042, 0.013941716310648711, -0.007779099924687328, 4.765511751818882e-06]]	[[0.0, 0.0, 0.0, 0.0, 0.0, 0.0]]
[[-0.019487155426319274, -0.03381458682722723, -0.172070667502699, 0.014761771868092546, -0.008136961814947356, 4.8079848827099106e-06]]	[[0.0, 0.0, 0.0, 0.0, 0.0, 0.0]]
[[-0.020404363466036815, -0.03562254132898367, -0.1720695739561266, 0.015581522398345704, -0.008493750681758318, 4.8580511103877226e-06]]	[[0.0, 0.0, 0.0, 0.0, 0.0, 0.0]]
[[-0.021322224870218093, -0.03743298205822452, -0.1720705452064632, 0.01640184010443981, -0.008851460803701592, 4.905338471520642e-06]]	[[0.0, 0.0, 0.0, 0.0, 0.0, 0.0]]
[[-0.022238938921401576, -0.039245071519497125, -0.17206905153612334, 0.01722289852986911, -0.009209214897493535, 4.947107814748695e-06]]	[[0.0, 0.0, 0.0, 0.0, 0.0, 0.0]]
[[-0.02315682197401788, -0.04105212583812508, -0.1720684520100803, 0.018042468492820915, -0.009566412551743632, 4.996691578635074e-06]]	[[0.0, 0.0, 0.0, 0.0, 0.0, 0.0]]
[[-0.02407441603727712, -0.04286249266830332, -0.17206753023978644, 0.018862741790878896, -0.009924066199445285, 5.045218587646247e-06]]	[[0.0, 0.0, 0.0, 0.0, 0.0, 0.0]]
[[-0.024991896919167325, -0.044672219434593395, -0.17206558190515236, 0.019683090513354824, -0.010282218867224526, 5.082715230119547e-06]]	[[0.0, 0.0, 0.0, 0.0, 0.0, 0.0]]
[[-0.025909056330519598, -0.04648036500474416, -0.1720654762090636, 0.02050328374156616, -0.010639538921691638, 5.129017184312925e-06]]	[[0.0, 0.0, 0.0, 0.0, 0.0, 0.0]]
[[-0.0268268858066465, -0.048291178766087156, -0.17206456899394812, 0.021323623871397357, -0.010997984210818858, 5.170547998322196e-06]]	[[0.0, 0.0, 0.0, 0.0, 0.0, 0.0]]
[[-0.027748250411910626, -0.0500989577965238, -0.17206455366673218, 0.022143426232799773, -0.011357085482885006, 5.221128892507328e-06]]	[[0.0, 0.0, 0.0, 0.0, 0.0, 0.0]]
[[-0.02865755034504286, -0.051906099307638745, -0.17206423121534836, 0.022962488867137185, -0.011710908454468302, 5.285955225714355e-06]]	[[0.0, 0.0, 0.0, 0.0, 0.0, 0.0]]
[[-0.029560777472262906, -0.053711848531666925, -0.17206171159922728, 0.023782149730937834, -0.012061802901367994, 5.314522125355921e-06]]	[[0.0, 0.0, 0.0, 0.0, 0.0, 0.0]]
[[-0.03047565328740976, -0.05551863327778608, -0.17206196910568922, 0.024600398123906665, -0.012417446658739638, 5.371212323009013e-06]]	[[0.0, 0.0, 0.0, 0.0, 0.0, 0.0]]
[[-0.1993323416495388, 0.4174349401208782, -0.18379162703764557, -0.26288358252582006, -0.1127275478090378, -0.000185289869885284]]	[[0.0, 0.0, 0.0, 0.0, 0.0, 0.0]]
[[0.1427836782703445, -0.5280298432753674, -0.16142944021551558, 0.3133916327729241, 0.09038616364719212, 0.00022064832374456034]]	[[0.0, 0.0, 0.0, 0.0, 0.0, 0.0]]
[[-0.03372719507430499, -0.054928135621891264, -0.17096913545330222, 0.02420465132104499, -0.014017396187494566, -4.6402676943271014e-06]]	[[0.0, 0.0, 0.0, 0.0, 0.0, 0.0]]
[[-0.20615748228313938, 0.43234131878223603, -0.18353207459714888, -0.2727552187482976, -0.11713362389028675, -0.00018039106807994773]]	[[0.0, 0.0, 0.0, 0.0, 0.0, 0.0]]
[[0.148878213903179, -0.5455315267834284, -0.16176466815154317, 0.32449697541154615, 0.09457383119427266, 0.0002167237769862423]]	[[0.0, 0.0, 0.0, 0.0, 0.0, 0.0]]
[[-0.2056924439269783, 0.42425842255385854, -0.1818501870410873, -0.2677199873143974, -0.11699852227253876, -0.00017978700473694789]]	[[0.0, 0.0, 0.0, 0.0, 0.0, 0.0]]
[[0.1463929128895834, -0.5343289585176537, -0.16228165004088208, 0.3178807254196881, 0.09330695678294364, 0.0002054114356678295]]	[[0.0, 0.0, 0.0, 0.0, 0.0, 0.0]]
[[-0.03373733364395436, -0.05567199936226886, -0.1709282780988341, 0.02452759585551642, -0.014005005634685631, -4.5493890183132664e-06]]	[[0.0, 0.0, 0.0, 0.0, 0.0, 0.0]]
[[-0.2107723168390342, 0.4418869586391735, -0.18290448730082648, -0.2801377096288624, -0.12077424519594934, -0.00016578894323685848]]	[[0.0, 0.0, 0.0, 0.0, 0.0, 0.0]]
[[0.15367837803343676, -0.556255811588807, -0.1624485302073015, 0.33246165586591836, 0.09836364473139124, 0.0002021241974752247]]	[[0.0, 0.0, 0.0, 0.0, 0.0, 0.0]]
[[-0.2084517798561212, 0.42685037057263436, -0.18130541455524035, -0.2696658793422499, -0.11912916831314312, -0.00016975479578643565]]	[[0.0, 0.0, 0.0, 0.0, 0.0, 0.0]]
[[0.1493124093819641, -0.5379065659248744, -0.16279105905041374, 0.32026760964702955, 0.09554991368392511, 0.00019514611445551602]]	[[0.0, 0.0, 0.0, 0.0, 0.0, 0.0]]
[[-0.03367743050851509, -0.05615755481809591, -0.17090327468574346, 0.024737223157076077, -0.013969249740839195, -4.530981157742489e-06]]	[[0.0, 0.0, 0.0, 0.0, 0.0, 0.0]]
[[-0.2139743044552867, 0.44719868796774037, -0.18258089197356092, -0.2841315042684625, -0.12326381492606511, -0.00015712549726551133]]	[[0.0, 0.0, 0.0, 0.0, 0.0, 0.0]]
[[0.15711780243441398, -0.5623587642820888, -0.16280487517319248, 0.33683506424897663, 0.10100460405812013, 0.00019309036954404693]]	[[0.0, 0.0, 0.0, 0.0, 0.0, 0.0]]
[[-0.21049788747085382, 0.42841537281971004, -0.18111686542750854, -0.2707528427283037, -0.12070352518895214, -0.00016244765390162423]]	[[0.0, 0.0, 0.0, 0.0, 0.0, 0.0]]
[[0.15154805800512688, -0.540140264421224, -0.1629591041309681, 0.3216480887173851, 0.09723688721962923, 0.00018740849791586936]]	[[0.0, 0.0, 0.0, 0.0, 0.0, 0.0]]
[[-0.03360288457519557, -0.056486806124877026, -0.17089124523111326, 0.024878284386620264, -0.013929171367499316, -4.522960050114753e-06]]	[[0.0, 0.0, 0.0, 0.0, 0.0, 0.0]]
[[-0.21573685047691915, 0.4484108834509424, -0.1824444563898719, -0.2849064192613718, -0.12461200864301653, -0.0001515601038680867]]	[[0.0, 0.0, 0.0, 0.0, 0.0, 0.0]]
[[0.1590625805627454, -0.5641987144774823, -0.16295042971773505, 0.337887551495008, 0.1024617596313368, 0.00018723572534616413]]	[[0.0, 0.0, 0.0, 0.0, 0.0, 0.0]]
[[-0.21214113939355353, 0.42978610856193633, -0.18105190857029324, -0.27162660178378795, -0.12194510361995115, -0.0001567677530351911]]	[[0.0, 0.0, 0.0, 0.0, 0.0, 0.0]]
[[0.15333507822538578, -0.5420662341035237, -0.16302145005992846, 0.3227680711715109, 0.09856511145320264, 0.00018114100836389162]]	[[0.0, 0.0, 0.0, 0.0, 0.0, 0.0]]
[[-0.033548490548298726, -0.056749422432906885, -0.17088248266468836, 0.024991094719812576, -0.01389968723738981, -4.537884124511147e-06]]	[[0.0, 0.0, 0.0, 0.0, 0.0, 0.0]]
[[-0.2169534347012876, 0.44870781973227175, -0.18260934940836465, -0.28493242791384604, -0.1255162051495931, -0.00014723091072359938]]	[[0.0, 0.0, 0.0, 0.0, 0.0, 0.0]]
[[0.1604027448112651, -0.5650357142929889, -0.16278668593773155, 0.3381450411353534, 0.10344160129071026, 0.00018255429443561112]]	[[0.0, 0.0, 0.0, 0.0, 0.0, 0.0]]
[[-0.21353945193342488, 0.4312455940666269, -0.18121723100102954, -0.2725269846345467, -0.1229783938425665, -0.00015252326833393765]]	[[0.0, 0.0, 0.0, 0.0, 0.0, 0.0]]
[[0.15482493089705338, -0.5440026743791074, -0.16286293545491043, 0.3238815746815384, 0.09965979703298199, 0.0001764858554837741]]	[[0.0, 0.0, 0.0, 0.0, 0.0, 0.0]]
[[-0.033523993058281305, -0.05698124975320331, -0.17087598066111193, 0.025089862371152183, -0.013884629266190593, -4.566853602830211e-06]]	[[0.0, 0.0, 0.0, 0.0, 0.0, 0.0]]
[[-0.2126932722117279, 0.42759575337347466, -0.18273103669220342, -0.2684536219250788, -0.12191877530344492, -0.00014754462863270567]]	[[0.0, 0.0, 0.0, 0.0, 0.0, 0.0]]
[[0.1557485605665231, -0.5451108184761224, -0.16256703523710664, 0.3220490483873638, 0.0996643456385446, 0.00018090745026189912]]	[[0.0, 0.0, 0.0, 0.0, 0.0, 0.0]]
[[-0.216792988730238, 0.4405722716232713, -0.18141482044291019, -0.27955622481766135, -0.12542578603363722, -0.00014948235050964137]]	[[0.0, 0.0, 0.0, 0.0, 0.0, 0.0]]
[[0.15784028775296727, -0.5543211910556861, -0.16280486917479425, 0.3314247795327204, 0.10205524228882709, 0.00017359195260662958]]	[[0.0, 0.0, 0.0, 0.0, 0.0, 0.0]]
[[-0.2115429982367903, 0.42530156952791004, -0.18130270355756245, -0.2691708168355585, -0.12214541053111687, -0.00014443516593288375]]	[[0.0, 0.0, 0.0, 0.0, 0.0, 0.0]]
[[0.15333903002962837, -0.5377106266364642, -0.16279089075874426, 0.32034878737661726, 0.09904533625326228, 0.0001676418375183458]]	[[0.0, 0.0, 0.0, 0.0, 0.0, 0.0]]
[[-0.03323080325010846, -0.05681880735989855, -0.1708882532853861, 0.025015769089256405, -0.013757017336039016, -4.379207312649071e-06]]	[[0.0, 0.0, 0.0, 0.0, 0.0, 0.0]]
[[-0.21629946717831844, 0.44404169115253544, -0.18310904129223, -0.2821048641463909, -0.1255495901445653, -0.00013776467844759082]]	[[0.0, 0.0, 0.0, 0.0, 0.0, 0.0]]
[[0.16023726339694278, -0.5604909801866015, -0.16227432291658855, 0.33534336114065333, 0.10370121999040079, 0.0001718887558977147]]	[[0.0, 0.0, 0.0, 0.0, 0.0, 0.0]]
[[-0.2132261667461391, 0.4284155120438697, -0.18186513159031875, -0.27095255824928655, -0.12321122181529906, -0.00014268168756271127]]	[[0.0, 0.0, 0.0, 0.0, 0.0, 0.0]]
[[0.1549553439578921, -0.5413063756852844, -0.16221766720166902, 0.3223487881903538, 0.10009933304583926, 0.00016568673581580115]]	[[0.0, 0.0, 0.0, 0.0, 0.0, 0.0]]
[[-0.03329144918300819, -0.057050295926021344, -0.1708859353273206, 0.025116989105363956, -0.013780754875502677, -4.489239753317745e-06]]	[[0.0, 0.0, 0.0, 0.0, 0.0, 0.0]]
[[-0.21239440862765996, 0.42516008836122837, -0.1836388435293989, -0.2669810922241554, -0.12206690171271392, -0.00013735392717346037]]	[[0.0, 0.0, 0.0, 0.0, 0.0, 0.0]]
[[0.155841996480457, -0.5427722825991722, -0.16164757822629422, 0.32060288491332267, 0.09999572029913231, 0.00016984682308014785]]	[[0.0, 0.0, 0.0, 0.0, 0.0, 0.0]]
[[-0.21649390249207232, 0.4382483797371659, -0.18245979997466838, -0.278074152051353, -0.12553021259174307, -0.00014230148045913329]]	[[0.0, 0.0, 0.0, 0.0, 0.0, 0.0]]
[[0.15788491667195642, -0.5521126822474209, -0.16175627872498838, 0.32997660731060063, 0.1023188260685427, 0.00016579078449422435]]	[[0.0, 0.0, 0.0, 0.0, 0.0, 0.0]]
[[-0.03348746177723363, -0.05746214501480968, -0.1708490719815962, 0.025298624500334467, -0.01385965531869163, -4.497563099469408e-06]]	[[0.0, 0.0, 0.0, 0.0, 0.0, 0.0]]
[[-0.22129628468474197, 0.4578835327564837, -0.18421991561322842, -0.2916726278206447, -0.12903855664672617, -0.00013539413011927822]]	[[0.0, 0.0, 0.0, 0.0, 0.0, 0.0]]
[[0.16507688648570423, -0.5754005176424496, -0.16120330595999105, 0.3454557218289826, 0.10717588759666549, 0.00017028924592506572]]	[[0.0, 0.0, 0.0, 0.0, 0.0, 0.0]]
[[-0.21606753812706198, 0.4344414260618543, -0.18285063609027524, -0.27452388138843464, -0.12501413524209762, -0.0001397179666728817]]	[[0.0, 0.0, 0.0, 0.0, 0.0, 0.0]]
[[0.15761139675231156, -0.5482170844978143, -0.1612003476968597, 0.3263258960889149, 0.10184953746381807, 0.0001629616320777187]]	[[0.0, 0.0, 0.0, 0.0, 0.0, 0.0]]
[[-0.21210838782003877, 0.4242417161953009, -0.18283707801758803, -0.2679700421440924, -0.12266477842623041, -0.00013657962691013674]]	[[0.0, 0.0, 0.0, 0.0, 0.0, 0.0]]
[[0.15430559207574746, -0.5368299975472408, -0.16128135329665477, 0.3192016312818225, 0.09975406574553446, 0.00015863924342939605]]	[[0.0, 0.0, 0.0, 0.0, 0.0, 0.0]]
[[-0.03305859045907537, -0.05689516174725134, -0.17090936290047049, 0.025046236245858874, -0.013680552050196648, -4.495120411067595e-06]]	[[0.0, 0.0, 0.0, 0.0, 0.0, 0.0]]
[[-0.21538719383884264, 0.43777105069951205, -0.1846897930531965, -0.27676790566633375, -0.12482694741790154, -0.00013062504432136273]]	[[0.0, 0.0, 0.0, 0.0, 0.0, 0.0]]
[[0.15955242733520772, -0.5546293264795751, -0.1606444746372872, 0.3301255328621822, 0.10308175633734971, 0.00016369196727258667]]	[[0.0, 0.0, 0.0, 0.0, 0.0, 0.0]]
[[-0.21448556131833152, 0.43030400317882733, -0.18351624457041454, -0.2718244057392816, -0.1241214055209426, -0.00013716059785503143]]	[[0.0, 0.0, 0.0, 0.0, 0.0, 0.0]]
[[0.1563875806642008, -0.5436032568369725, -0.16060504793967117, 0.32339937907476574, 0.10110541301322781, 0.00015988775714872801]]	[[0.0, 0.0, 0.0, 0.0, 0.0, 0.0]]
[[-0.03324193324796429, -0.057223335803410644, -0.17089787963182473, 0.025191810280199074, -0.013755538005196327, -4.615460785898653e-06]]	[[0.0, 0.0, 0.0, 0.0, 0.0, 0.0]]
[[-0.2172269696255179, 0.4424525577826538, -0.18535624570112214, -0.2796312649589317, -0.12594045349701974, -0.0001302797262922653]]	[[0.0, 0.0, 0.0, 0.0, 0.0, 0.0]]
[[0.16117707621230754, -0.5599513092969348, -0.15998500496544427, 0.33329450671710203, 0.10412418431139749, 0.00016357618546348771]]	[[0.0, 0.0, 0.0, 0.0, 0.0, 0.0]]
[[-0.2160900548394621, 0.43449371235438833, -0.18426584722857647, -0.2743834231461624, -0.12509746810152303, -0.00013667169673547982]]	[[0.0, 0.0, 0.0, 0.0, 0.0, 0.0]]
[[0.15778193436928697, -0.5483249745937386, -0.15985301171136918, 0.3262107703564807, 0.1020065829875973, 0.00015932482080499187]]	[[0.0, 0.0, 0.0, 0.0, 0.0, 0.0]]
[[-0.21202274817148836, 0.42430322740401616, -0.18424081940794584, -0.2678047558569148, -0.12267767171436382, -0.0001327129883394453]]	[[0.0, 0.0, 0.0, 0.0, 0.0, 0.0]]
[[0.15435123874124912, -0.5369105981737303, -0.1598770018619739, 0.31903910000641655, 0.09982552638957266, 0.0001546341153503468]]	[[0.0, 0.0, 0.0, 0.0, 0.0, 0.0]]
[[-0.033005609216630316, -0.05690086852090405, -0.17092765311170893, 0.025047924911630822, -0.013657195561384783, -4.5585926175734045e-06]]	[[0.0, 0.0, 0.0, 0.0, 0.0, 0.0]]
[[-0.21702907294732193, 0.44511521596228354, -0.18619624660206519, -0.2821332240586989, -0.12626362747749395, -0.00012690906348435644]]	[[0.0, 0.0, 0.0, 0.0, 0.0, 0.0]]
[[0.16147410946614757, -0.561777565352146, -0.1591545307633337, 0.33544204938669014, 0.10465168018024665, 0.0001600391993732497]]	[[0.0, 0.0, 0.0, 0.0, 0.0, 0.0]]
[[-0.21668233539849566, 0.4400244302849531, -0.18508168868213598, -0.2789577533696781, -0.1260474916657623, -0.0001328306245851867]]	[[0.0, 0.0, 0.0, 0.0, 0.0, 0.0]]
[[0.15902998262281692, -0.5527792229392495, -0.15904897469060314, 0.33033920723514076, 0.1032325120193327, 0.0001558048014453969]]	[[0.0, 0.0, 0.0, 0.0, 0.0, 0.0]]
[[-0.21034475818269038, 0.42172104558323226, -0.18514573873069512, -0.26605357341547037, -0.12180472559634012, -0.00012804442169968714]]	[[0.0, 0.0, 0.0, 0.0, 0.0, 0.0]]
[[0.15328415028356276, -0.5332818399445869, -0.158933854289601, 0.31679574124526216, 0.09918943281879758, 0.0001498477210838072]]	[[0.0, 0.0, 0.0, 0.0, 0.0, 0.0]]
[[-0.03268585636414483, -0.056397881723086705, -0.1709467022097399, 0.024820799232510942, -0.013527556486040489, -4.526807058121962e-06]]	[[0.0, 0.0, 0.0, 0.0, 0.0, 0.0]]
[[-0.2138588422102554, 0.43465015901323784, -0.18734766433725486, -0.2741331815109929, -0.12393287301856833, -0.00012434346968207872]]	[[0.0, 0.0, 0.0, 0.0, 0.0, 0.0]]
[[0.1586852436991696, -0.5506227110025895, -0.15794211042675727, 0.3270542669243254, 0.10245014887154595, 0.00015695106495898706]]	[[0.0, 0.0, 0.0, 0.0, 0.0, 0.0]]
[[-0.2128160959865902, 0.4277116604734497, -0.18590984890941747, -0.2695729859074367, -0.12317822411838425, -0.00012958747961028263]]	[[0.0, 0.0, 0.0, 0.0, 0.0, 0.0]]
[[0.15528912433868408, -0.5402396765667488, -0.158218212029054, 0.32077259383722195, 0.1003890426329187, 0.00015145795209926837]]	[[0.0, 0.0, 0.0, 0.0, 0.0, 0.0]]
[[-0.20997388100292141, 0.42179390771739556, -0.185956269351172, -0.2661468972221588, -0.12164839946356226, -0.00012700469509608836]]	[[0.0, 0.0, 0.0, 0.0, 0.0, 0.0]]
[[0.1530592412471823, -0.5331534094103432, -0.15818015989860473, 0.3168055837186436, 0.09909695437525201, 0.0001485519408559906]]	[[0.0, 0.0, 0.0, 0.0, 0.0, 0.0]]
[[-0.032617645212172044, -0.056279150044887365, -0.17095527332622845, 0.0247673098697342, -0.01350024289717176, -4.533356533313696e-06]]	[[0.0, 0.0, 0.0, 0.0, 0.0, 0.0]]
[[-0.21304583056558074, 0.4330135387683733, -0.18832063986858077, -0.27285444011573423, -0.12339717327589293, -0.00012319301189968947]]	[[0.0, 0.0, 0.0, 0.0, 0.0, 0.0]]
[[0.15797762410714297, -0.5487851747628825, -0.15695218379729908, 0.3256737327618389, 0.10195296743160978, 0.00015508755871264311]]	[[0.0, 0.0, 0.0, 0.0, 0.0, 0.0]]
[[-0.21244211636451155, 0.4275018223199546, -0.1869556809481327, -0.26933645409855245, -0.12295317098749797, -0.00012868505511594294]]	[[0.0, 0.0, 0.0, 0.0, 0.0, 0.0]]
[[0.15501544073349005, -0.5398569709191376, -0.15717811402413856, 0.32045414297989283, 0.10020337178822109, 0.0001505143872920869]]	[[0.0, 0.0, 0.0, 0.0, 0.0, 0.0]]
[[-0.21010667155630675, 0.4234072670414062, -0.18691020559652344, -0.267260636738429, -0.12181519313084253, -0.00012608024173675096]]	[[0.0, 0.0, 0.0, 0.0, 0.0, 0.0]]
[[0.15330636115249, -0.5345607693623774, -0.1572370193880141, 0.3178323984187205, 0.0993118115471758, 0.00014773302583794093]]	[[0.0, 0.0, 0.0, 0.0, 0.0, 0.0]]
[[-0.0325683248241475, -0.05616815972512166, -0.17095963675364473, 0.024716882224052203, -0.013482118753415612, -4.5677042441418594e-06]]	[[0.0, 0.0, 0.0, 0.0, 0.0, 0.0]]
[[-0.21278090555753953, 0.4337445809521766, -0.18893123020828545, -0.27323282033401575, -0.12328848528305496, -0.00012054218665812858]]	[[0.0, 0.0, 0.0, 0.0, 0.0, 0.0]]
[[0.15783716402197306, -0.5493206872986506, -0.15633521450205018, 0.32596343367234126, 0.10189279639665157, 0.0001526234099816773]]	[[0.0, 0.0, 0.0, 0.0, 0.0, 0.0]]
[[-0.21284987386386398, 0.42998118150369496, -0.18773153421533223, -0.27099050705980776, -0.12330275413903151, -0.00012749651689782237]]	[[0.0, 0.0, 0.0, 0.0, 0.0, 0.0]]
[[0.15557945097160095, -0.5420751399856312, -0.1564079051849227, 0.3220011243139525, 0.10061874018545404, 0.0001491897194094195]]	[[0.0, 0.0, 0.0, 0.0, 0.0, 0.0]]
[[-0.21103479575541118, 0.42754027538240913, -0.1878134061907772, -0.2701549039130869, -0.12255805545523282, -0.0001255964881495115]]	[[0.0, 0.0, 0.0, 0.0, 0.0, 0.0]]
[[0.154456870818563, -0.5383254426621414, -0.15633927649089102, 0.32057843178349504, 0.10014787962399856, 0.00014724612590042736]]	[[0.0, 0.0, 0.0, 0.0, 0.0, 0.0]]
[[-0.03247090676696664, -0.05596382909751596, -0.17095461960636887, 0.024623491040480547, -0.013444533423623183, -4.594465760597041e-06]]	[[0.0, 0.0, 0.0, 0.0, 0.0, 0.0]]
[[-0.2136565013187299, 0.437884699053968, -0.18977036251591656, -0.27608038600366, -0.1240090801092673, -0.00011918615058371558]]	[[0.0, 0.0, 0.0, 0.0, 0.0, 0.0]]
[[0.15900228252232249, -0.5529936505211531, -0.15550479131557798, 0.32861696406950675, 0.10273579793244927, 0.00015135668619288063]]	[[0.0, 0.0, 0.0, 0.0, 0.0, 0.0]]
[[-0.21387331844571597, 0.43468358571571225, -0.18845513597522995, -0.2742177457537568, -0.12414478808301202, -0.00012588156298903432]]	[[0.0, 0.0, 0.0, 0.0, 0.0, 0.0]]
[[0.15695482337755445, -0.5461747786651014, -0.15568890673060704, 0.324975806293395, 0.10160565661766312, 0.0001477126853853959]]	[[0.0, 0.0, 0.0, 0.0, 0.0, 0.0]]
[[-0.21063540853528864, 0.426844262403048, -0.1885168684934561, -0.26919922139020963, -0.12224130613115101, -0.00012353473489576811]]	[[0.0, 0.0, 0.0, 0.0, 0.0, 0.0]]
[[0.15435786492677908, -0.537071363057634, -0.15561159256767437, 0.31935404120208555, 0.09994611942918512, 0.00014482004708492652]]	[[0.0, 0.0, 0.0, 0.0, 0.0, 0.0]]
[[-0.0323329663688986, -0.05568842308948896, -0.17096992625435842, 0.024499589563344807, -0.01339067783490068, -4.6901015267889045e-06]]	[[0.0, 0.0, 0.0, 0.0, 0.0, 0.0]]
[[-0.21438281219970962, 0.4413646216884291, -0.19065378079477252, -0.27831209825017394, -0.12458376019184073, -0.00011757983131413197]]	[[0.0, 0.0, 0.0, 0.0, 0.0, 0.0]]
[[0.16009187423956867, -0.5558671533912142, -0.15462135032040697, 0.33058597877017504, 0.10345973927974239, 0.0001500816311522378]]	[[0.0, 0.0, 0.0, 0.0, 0.0, 0.0]]
[[-0.20812741655275172, 0.41446030452061944, -0.1897097362864883, -0.25828822976063265, -0.11948332252769724, -0.0001221776004961493]]	[[0.0, 0.0, 0.0, 0.0, 0.0, 0.0]]
[[0.15109143389010327, -0.5260259011796985, -0.1543253836212765, 0.30893293123162907, 0.09684847259416153, 0.0001425450968557035]]	[[0.0, 0.0, 0.0, 0.0, 0.0, 0.0]]
[[-0.20575752911512146, 0.40956950500992867, -0.18972870410114634, -0.2556375423116009, -0.1182102709863764, -0.00012066175904528598]]	[[0.0, 0.0, 0.0, 0.0, 0.0, 0.0]]
[[0.1490177223510037, -0.5205876278358705, -0.15441783030761108, 0.30604043145788756, 0.09569809543150024, 0.00014076111649659892]]	[[0.0, 0.0, 0.0, 0.0, 0.0, 0.0]]
[[-0.20854623192671531, 0.42335387624156184, -0.18944988512534383, -0.26715261269141305, -0.12104435271224588, -0.000121818442831356]]	[[0.0, 0.0, 0.0, 0.0, 0.0, 0.0]]
[[0.15243099877890867, -0.5332308784377998, -0.1547781879702787, 0.31715112350017405, 0.09881405841949849, 0.0001427997187352675]]	[[0.0, 0.0, 0.0, 0.0, 0.0, 0.0]]
[[-0.032238712655096, -0.0554979385476135, -0.1709877466155571, 0.02441565354184593, -0.013351835659791263, -4.616706543466533e-06]]	[[0.0, 0.0, 0.0, 0.0, 0.0, 0.0]]
[[-0.21264012089422435, 0.4386237882564434, -0.19157969456324325, -0.27666773853541177, -0.12357991032955597, -0.00011574166239319275]]	[[0.0, 0.0, 0.0, 0.0, 0.0, 0.0]]
[[0.1584615607509567, -0.5527457187856273, -0.15367982888127724, 0.328763960128622, 0.10249087806114283, 0.00014781919913880607]]	[[0.0, 0.0, 0.0, 0.0, 0.0, 0.0]]
[[-0.20651242780601106, 0.41199774448222326, -0.1907542120572771, -0.2567481309906271, -0.11853397734923227, -0.00011964655767878686]]	[[0.0, 0.0, 0.0, 0.0, 0.0, 0.0]]
[[0.14959376048588113, -0.5232459037934549, -0.1532829712794585, 0.3072401104532702, 0.09593856081474564, 0.0001400926473239567]]	[[0.0, 0.0, 0.0, 0.0, 0.0, 0.0]]
[[-0.20436330301651276, 0.4075081637073517, -0.19070254088450062, -0.25429884209353454, -0.11737651283889042, -0.0001183631046694105]]	[[0.0, 0.0, 0.0, 0.0, 0.0, 0.0]]
[[0.1477106122091402, -0.5182740053103043, -0.15344545554472905, 0.3045780452959454, 0.09489208667644751, 0.00013839041396243037]]	[[0.0, 0.0, 0.0, 0.0, 0.0, 0.0]]
[[-0.032518185507144935, -0.05600602456624554, -0.17108035903539948, 0.024655810421907388, -0.01345686322955519, -4.903105099088751e-06]]	[[0.0, 0.0, 0.0, 0.0, 0.0, 0.0]]
[[-0.21555517209630087, 0.44821454217768447, -0.19249149407682292, -0.28340161612446263, -0.1255655455809477, -0.0001174491376562581]]	[[0.0, 0.0, 0.0, 0.0, 0.0, 0.0]]
[[0.16103220694395814, -0.5630702126241409, -0.1527900345617667, 0.33587910911533964, 0.10435807618065115, 0.0001498473021767907]]	[[0.0, 0.0, 0.0, 0.0, 0.0, 0.0]]
[[-0.208085494988566, 0.41692499685645995, -0.19146239602511222, -0.25990899203197715, -0.11949358938220785, -0.00011964958122369804]]	[[0.0, 0.0, 0.0, 0.0, 0.0, 0.0]]
[[0.15084408473213273, -0.5287607017014557, -0.15255510061877592, 0.3106839042987047, 0.09677398476940263, 0.00014003826168025073]]	[[0.0, 0.0, 0.0, 0.0, 0.0, 0.0]]
[[-0.20570955562163973, 0.4117108669966652, -0.19151364125325449, -0.2569323970503714, -0.11817989526777192, -0.00011813338934124829]]	[[0.0, 0.0, 0.0, 0.0, 0.0, 0.0]]
[[0.1487892604320062, -0.5229923759468759, -0.15263243015712286, 0.3074604006166522, 0.09559470087167027, 0.0001379502888081677]]	[[0.0, 0.0, 0.0, 0.0, 0.0, 0.0]]
[[-0.20357711209611337, 0.407012132074589, -0.1915152302729392, -0.254228875666482, -0.11699888285145546, -0.0001164853210174493]]	[[0.0, 0.0, 0.0, 0.0, 0.0, 0.0]]
[[0.14692007799802392, -0.5177226971219873, -0.15262885351420857, 0.30448779441605495, 0.09451226370078109, 0.00013624771981369068]]	[[0.0, 0.0, 0.0, 0.0, 0.0, 0.0]]
[[-0.03251000805884292, -0.05597575093273809, -0.17108871429768108, 0.024643435729846903, -0.013453369566462644, -4.8738503028084535e-06]]	[[0.0, 0.0, 0.0, 0.0, 0.0, 0.0]]
[[-0.21463584978923278, 0.4471308495522522, -0.19346110268633016, -0.282760774019847, -0.12504283166753996, -0.00011543749119330225]]	[[0.0, 0.0, 0.0, 0.0, 0.0, 0.0]]
[[0.16011201103093214, -0.5619340946152616, -0.15180864874328964, 0.3352124292697058, 0.1038302510720219, 0.00014775435781390605]]	[[0.0, 0.0, 0.0, 0.0, 0.0, 0.0]]
[[-0.20740363972865566, 0.4164954511610109, -0.19251929717721333, -0.2596957363974262, -0.11912736748562983, -0.0001169926133763745]]	[[0.0, 0.0, 0.0, 0.0, 0.0, 0.0]]
[[0.1501840864218394, -0.5282782477029297, -0.15150057789256172, 0.31044890641658374, 0.09641592669344573, 0.00013768990959984017]]	[[0.0, 0.0, 0.0, 0.0, 0.0, 0.0]]
[[-0.20508877549370266, 0.4112625583108767, -0.19261889985523778, -0.2566388095644374, -0.11783098021229496, -0.00011534812305563912]]	[[0.0, 0.0, 0.0, 0.0, 0.0, 0.0]]
[[0.14819086052048788, -0.5224974143820398, -0.151524721582096, 0.3071448349053052, 0.09525336541469052, 0.00013542476876057813]]	[[0.0, 0.0, 0.0, 0.0, 0.0, 0.0]]
[[-0.20301920576093502, 0.406682138955519, -0.1926707931558393, -0.25395348079576574, -0.11667137337753747, -0.00011373071620684891]]	[[0.0, 0.0, 0.0, 0.0, 0.0, 0.0]]
[[0.1463850779680465, -0.517355549527304, -0.15147435651292745, 0.3041933879983858, 0.09419174659433713, 0.00013339637310756625]]	[[0.0, 0.0, 0.0, 0.0, 0.0, 0.0]]
[[-0.032500949013234075, -0.05595708375581969, -0.1711046397430897, 0.02463656251102258, -0.013448776570551792, -4.899134032976287e-06]]	[[0.0, 0.0, 0.0, 0.0, 0.0, 0.0]]
[[-0.214393342817342, 0.44767243634329706, -0.19477146817902996, -0.28307990991764864, -0.12493392217603946, -0.00011326709939778746]]	[[0.0, 0.0, 0.0, 0.0, 0.0, 0.0]]
[[0.15990410783516865, -0.562426868663192, -0.15048375944722364, 0.3355094062911816, 0.10373639122674877, 0.00014589080914317618]]	[[0.0, 0.0, 0.0, 0.0, 0.0, 0.0]]
[[-0.20688683685598325, 0.4161415706312137, -0.1938420880587572, -0.2592819513990507, -0.11877881164502416, -0.00011437536917155182]]	[[0.0, 0.0, 0.0, 0.0, 0.0, 0.0]]
[[0.14966563802329197, -0.5279083352335798, -0.1501745408638348, 0.31002064752015746, 0.0960634698218452, 0.00013461433366005306]]	[[0.0, 0.0, 0.0, 0.0, 0.0, 0.0]]
[[-0.2046808499196798, 0.41119717585169574, -0.1938639075943231, -0.25639844036158205, -0.11754714891290133, -0.0001127205413386657]]	[[0.0, 0.0, 0.0, 0.0, 0.0, 0.0]]
[[0.1477797703945241, -0.5224415932550599, -0.15028249085967887, 0.3069042402053134, 0.09496621894881796, 0.0001326751098809868]]	[[0.0, 0.0, 0.0, 0.0, 0.0, 0.0]]
[[-0.2027350509955952, 0.40677025765550673, -0.1938438134222435, -0.25379896526649326, -0.11645580415489099, -0.00011133368407460286]]	[[0.0, 0.0, 0.0, 0.0, 0.0, 0.0]]
[[0.14608100003132313, -0.5174975491822189, -0.15030183596054986, 0.30405755562460846, 0.0939663816438622, 0.00013082392461204957]]	[[0.0, 0.0, 0.0, 0.0, 0.0, 0.0]]
[[-0.032520664384636404, -0.05598075786023345, -0.171118450342492, 0.024647364169297734, -0.01345757968709935, -4.971853545825094e-06]]	[[0.0, 0.0, 0.0, 0.0, 0.0, 0.0]]
[[-0.21317175426941784, 0.44426152598663465, -0.1957141386153149, -0.2801616351944187, -0.12394356663865617, -0.00011032209577865918]]	[[0.0, 0.0, 0.0, 0.0, 0.0, 0.0]]
[[0.1585805830169597, -0.5592204310970248, -0.14951456832768523, 0.33265543429612904, 0.10269754121533875, 0.00014196535084104561]]	[[0.0, 0.0, 0.0, 0.0, 0.0, 0.0]]
[[-0.20706238566456822, 0.417471692137528, -0.1949595792517677, -0.25999594429753675, -0.11886163486326831, -0.00011238278845266463]]	[[0.0, 0.0, 0.0, 0.0, 0.0, 0.0]]
[[0.14974855510583454, -0.529456249048219, -0.14907781657005786, 0.3108355278481263, 0.09611163225581172, 0.00013282224328810683]]	[[0.0, 0.0, 0.0, 0.0, 0.0, 0.0]]
[[-0.20488177818674186, 0.41247565269454384, -0.19495541317252568, -0.2570540473005513, -0.11763838742099664, -0.00011076121536805734]]	[[0.0, 0.0, 0.0, 0.0, 0.0, 0.0]]
[[0.14788716971890525, -0.5239248041890457, -0.14919009052171667, 0.3076536362828561, 0.09502101728840631, 0.00013069770199393573]]	[[0.0, 0.0, 0.0, 0.0, 0.0, 0.0]]
[[-0.20290852779017907, 0.4080382548905043, -0.1949447445422154, -0.2544340723919835, -0.11653161339512548, -0.00010913126355587414]]	[[0.0, 0.0, 0.0, 0.0, 0.0, 0.0]]
[[0.14617407247882577, -0.5189456420316337, -0.1492009441206576, 0.30477682870615846, 0.09401237863283424, 0.00012871249696364998]]	[[0.0, 0.0, 0.0, 0.0, 0.0, 0.0]]
[[-0.20660213571374747, 0.4236201210649172, -0.19482583131787118, -0.26702577373861036, -0.11991853587652447, -0.00011250278909025015]]	[[0.0, 0.0, 0.0, 0.0, 0.0, 0.0]]
[[0.15050599091685804, -0.5334162372936878, -0.14940576444954162, 0.3169852042991316, 0.09769044475275729, 0.00013301260967443573]]	[[0.0, 0.0, 0.0, 0.0, 0.0, 0.0]]
[[-0.03225787459086164, -0.055442744846107415, -0.17105246218563014, 0.024394604498087724, -0.013360644862186983, -4.809804163697786e-06]]	[[0.0, 0.0, 0.0, 0.0, 0.0, 0.0]]
[[-0.20542240403214954, 0.4196292579269208, -0.19732910839975432, -0.2613872313454543, -0.1180613057126681, -0.00010118243492326958]]	[[0.0, 0.0, 0.0, 0.0, 0.0, 0.0]]
[[0.15086368958556784, -0.5343873800219845, -0.147776572933294, 0.31362477603039013, 0.09677029043405855, 0.0001318164730404861]]	[[0.0, 0.0, 0.0, 0.0, 0.0, 0.0]]
[[-0.2060707416918675, 0.4163490773837655, -0.1963837077423673, -0.25927426383558505, -0.11828824495999571, -0.00010945236315775357]]	[[0.0, 0.0, 0.0, 0.0, 0.0, 0.0]]
[[0.148823509092572, -0.5282839472020721, -0.14776106137065698, 0.3101014897585134, 0.09557337678626618, 0.00012946782134884617]]	[[0.0, 0.0, 0.0, 0.0, 0.0, 0.0]]
[[-0.2040045484389414, 0.4115598315843344, -0.19637798594628725, -0.2564165869014816, -0.11712084249133123, -0.00010787393057428084]]	[[0.0, 0.0, 0.0, 0.0, 0.0, 0.0]]
[[0.14704710794154147, -0.5229179242266949, -0.14776903948977477, 0.306971076071234, 0.09451560529991643, 0.00012747347752600357]]	[[0.0, 0.0, 0.0, 0.0, 0.0, 0.0]]
[[-0.20772482059396719, 0.42713638468036724, -0.19622685587952876, -0.2690505907477577, -0.12054977173877686, -0.00011154766684966945]]	[[0.0, 0.0, 0.0, 0.0, 0.0, 0.0]]
[[0.15143175009725296, -0.5373412671807407, -0.14800533679531463, 0.31920264973843804, 0.09824773596783792, 0.00013207808058531229]]	[[0.0, 0.0, 0.0, 0.0, 0.0, 0.0]]
[[-0.20630434087663674, 0.42451724893531184, -0.19629659182903575, -0.26753873572636716, -0.11986618655295377, -0.00010949250843512771]]	[[0.0, 0.0, 0.0, 0.0, 0.0, 0.0]]
[[0.15062176494441423, -0.5334837312967481, -0.14785208315594195, 0.3171135579942039, 0.0977943764210974, 0.00012987543260486876]]	[[0.0, 0.0, 0.0, 0.0, 0.0, 0.0]]
[[-0.032051260393394176, -0.055047509010353685, -0.17106962430011435, 0.024216975998136894, -0.013278887616960899, -4.858320015736978e-06]]	[[0.0, 0.0, 0.0, 0.0, 0.0, 0.0]]
[[-0.21131386010950245, 0.44239765357503225, -0.1988099929137665, -0.27856201213893217, -0.12295562752949525, -0.00010261235625083498]]	[[0.0, 0.0, 0.0, 0.0, 0.0, 0.0]]
[[0.1576429472957546, -0.5556614547172931, -0.14637410030369175, 0.33026567271466306, 0.10206550007982881, 0.00013419028892823476]]	[[0.0, 0.0, 0.0, 0.0, 0.0, 0.0]]
[[-0.19753928090159983, 0.39031923111447897, -0.1972168105932987, -0.23885189335804463, -0.11170166823381127, -9.780911889623885e-05]]	[[0.0, 0.0, 0.0, 0.0, 0.0, 0.0]]
[[0.14054462586611244, -0.5015447398172483, -0.1467261835809745, 0.28915932689703977, 0.0890127059480331, 0.00011617679261479515]]	[[0.0, 0.0, 0.0, 0.0, 0.0, 0.0]]
[[-0.20743185422750354, 0.42569808524723257, -0.1980735859128328, -0.266903391887913, -0.11995661897886595, -0.00010896281414757087]]	[[0.0, 0.0, 0.0, 0.0, 0.0, 0.0]]
[[0.15106713516709458, -0.5361230548443637, -0.14623808820380674, 0.31713383041867305, 0.09762629302830413, 0.00012898041823431868]]	[[0.0, 0.0, 0.0, 0.0, 0.0, 0.0]]
[[-0.20577999868654967, 0.4224254613514244, -0.19791476175633965, -0.2649809002872603, -0.11910775916342098, -0.0001069429311875209]]	[[0.0, 0.0, 0.0, 0.0, 0.0, 0.0]]
[[0.14989773497131986, -0.5317534979196735, -0.14623534518357933, 0.314686193722963, 0.09694681040881623, 0.00012696072911382174]]	[[0.0, 0.0, 0.0, 0.0, 0.0, 0.0]]
[[-0.21014739951793057, 0.43970769018218664, -0.1978151977071682, -0.27870141367388346, -0.12302861801109144, -0.00011066295796280417]]	[[0.0, 0.0, 0.0, 0.0, 0.0, 0.0]]
[[0.15518010039002858, -0.5474207049549382, -0.1464233497647522, 0.32780167756522444, 0.10127250849447438, 0.00013155726645292903]]	[[0.0, 0.0, 0.0, 0.0, 0.0, 0.0]]
[[-0.19682010574005676, 0.39662681359655544, -0.19754106112569086, -0.2459924484048964, -0.1128095912390418, -9.629867908964097e-05]]	[[0.0, 0.0, 0.0, 0.0, 0.0, 0.0]]
[[0.1418489126622892, -0.504001114099486, -0.1464397789914193, 0.2946476091965695, 0.09094359897044786, 0.00011515150073129673]]	[[0.0, 0.0, 0.0, 0.0, 0.0, 0.0]]
[[-0.03165199228753938, -0.05438392313140355, -0.17120798261499143, 0.023930706412563146, -0.013109824030480742, -5.078985123346727e-06]]	[[0.0, 0.0, 0.0, 0.0, 0.0, 0.0]]
[[-0.20989073939101746, 0.44094363694501276, -0.20035272428922019, -0.2772722127599604, -0.12215864385375139, -9.861832947655452e-05]]	[[0.0, 0.0, 0.0, 0.0, 0.0, 0.0]]
[[0.15692112568362737, -0.5527890986637095, -0.1448066188663772, 0.32831831263990724, 0.1015361400475136, 0.00012969705023695724]]	[[0.0, 0.0, 0.0, 0.0, 0.0, 0.0]]
[[-0.20487576302630056, 0.41879392591897197, -0.19925355763626124, -0.260430307059318, -0.1178561665571849, -0.00010179702214826517]]	[[0.0, 0.0, 0.0, 0.0, 0.0, 0.0]]
[[0.14917112872347305, -0.5276855402765754, -0.14481228892142622, 0.3098683333961509, 0.09573767652167808, 0.00012124736048176201]]	[[0.0, 0.0, 0.0, 0.0, 0.0, 0.0]]
[[-0.20066175123512836, 0.4069249086773738, -0.1994168544854688, -0.2520356311994558, -0.11492878562576862, -9.86389102288931e-05]]	[[0.0, 0.0, 0.0, 0.0, 0.0, 0.0]]
[[0.1451113606533007, -0.5155209623957067, -0.1446990917004229, 0.3012882240733389, 0.09285753728168168, 0.00011768322776872472]]	[[0.0, 0.0, 0.0, 0.0, 0.0, 0.0]]
[[-0.2013695104694016, 0.4110598170302528, -0.19955756857683798, -0.2558508915171205, -0.11585297159168652, -9.999790074047274e-05]]	[[0.0, 0.0, 0.0, 0.0, 0.0, 0.0]]
[[0.14610273649961655, -0.5191458862313836, -0.14462673827998346, 0.3049195569326334, 0.09391027345719145, 0.0001191739003599016]]	[[0.0, 0.0, 0.0, 0.0, 0.0, 0.0]]
[[-0.19762199552092255, 0.40032154792546043, -0.19953879559307358, -0.248127501364524, -0.11320088519423012, -9.663845666339241e-05]]	[[0.0, 0.0, 0.0, 0.0, 0.0, 0.0]]
[[0.14243870586946522, -0.5081277250700236, -0.14458129291102967, 0.29700856692764943, 0.09126505632866161, 0.00011526047918509532]]	[[0.0, 0.0, 0.0, 0.0, 0.0, 0.0]]
[[-0.19868144356056955, 0.4052697626506273, -0.1998874006891604, -0.25241770483084014, -0.11431672274919369, -9.848696844468164e-05]]	[[0.0, 0.0, 0.0, 0.0, 0.0, 0.0]]
[[0.1437298517310162, -0.512669919868237, -0.14429435124827034, 0.30115872375615865, 0.09248955152211288, 0.00011729533727281271]]	[[0.0, 0.0, 0.0, 0.0, 0.0, 0.0]]
[[-0.031683932689826604, -0.05430874823552371, -0.17119973119282322, 0.023894857755889055, -0.013128219130899229, -5.1086746103215345e-06]]	[[0.0, 0.0, 0.0, 0.0, 0.0, 0.0]]
[[-0.20973225294690157, 0.44276346701095737, -0.2025015517390742, -0.2783135927197187, -0.1220615180838549, -9.737957791019305e-05]]	[[0.0, 0.0, 0.0, 0.0, 0.0, 0.0]]
[[0.15676904258833835, -0.5544959862703315, -0.14263669723464995, 0.3293113565262508, 0.10143740369681915, 0.00012834068852023243]]	[[0.0, 0.0, 0.0, 0.0, 0.0, 0.0]]
[[-0.20228179724896306, 0.4124852865317057, -0.20156228964712758, -0.2551758642224916, -0.1157850182861263, -9.795004587921426e-05]]	[[0.0, 0.0, 0.0, 0.0, 0.0, 0.0]]
[[0.14642133641405408, -0.5215143553871646, -0.14246753168597642, 0.30462671929120566, 0.09358208324234557, 0.0001172138015075333]]	[[0.0, 0.0, 0.0, 0.0, 0.0, 0.0]]
[[-0.20065422370418712, 0.4088448672065113, -0.20148009828888241, -0.25310026196241464, -0.11487850155279825, -9.707062937886794e-05]]	[[0.0, 0.0, 0.0, 0.0, 0.0, 0.0]]
[[0.14498516929107264, -0.5176163884158227, -0.1426760282709995, 0.3024405907887061, 0.09276048832918961, 0.00011603111414469467]]	[[0.0, 0.0, 0.0, 0.0, 0.0, 0.0]]
[[-0.20149171091355467, 0.4132070760447183, -0.20145045496213537, -0.2570660239155927, -0.11590117243011785, -9.82659390234055e-05]]	[[0.0, 0.0, 0.0, 0.0, 0.0, 0.0]]
[[0.14612512925202759, -0.5214199965958681, -0.1427354418413706, 0.306199356071816, 0.09391733575984325, 0.0001172085022987049]]	[[0.0, 0.0, 0.0, 0.0, 0.0, 0.0]]
[[-0.1976714696438886, 0.40211488490545216, -0.20172634149469099, -0.24904614409970666, -0.11317587211538388, -9.479564000176338e-05]]	[[0.0, 0.0, 0.0, 0.0, 0.0, 0.0]]
[[0.14238817999495657, -0.5100588973898545, -0.14238905314904876, 0.2979866807372053, 0.0911980748141913, 0.00011335068444161852]]	[[0.0, 0.0, 0.0, 0.0, 0.0, 0.0]]
[[-0.1966771048160891, 0.40002465603904397, -0.2016089994209515, -0.24788749256870055, -0.11263592135432356, -9.401712363037424e-05]]	[[0.0, 0.0, 0.0, 0.0, 0.0, 0.0]]
[[0.14149755729876878, -0.5077863885674911, -0.14255233707923848, 0.2967491201286815, 0.09070064075180811, 0.00011250305023381813]]	[[0.0, 0.0, 0.0, 0.0, 0.0, 0.0]]
[[-0.19806651009629478, 0.40577370831900805, -0.20162889726738248, -0.2526841228879003, -0.11397171088924866, -9.59060270325484e-05]]	[[0.0, 0.0, 0.0, 0.0, 0.0, 0.0]]
[[0.14312707954266185, -0.5130933848156538, -0.14256063486589537, 0.30139343352706544, 0.09214706670121967, 0.00011445977960948549]]	[[0.0, 0.0, 0.0, 0.0, 0.0, 0.0]]
[[-0.1945820301300979, 0.39537398591845124, -0.2020976516381911, -0.2450162802393664, -0.11141554083921443, -9.207573321824445e-05]]	[[0.0, 0.0, 0.0, 0.0, 0.0, 0.0]]
[[0.1396741957803902, -0.5025263057123998, -0.14201829186436482, 0.293582511380647, 0.08957686366400629, 0.0001103994419309465]]	[[0.0, 0.0, 0.0, 0.0, 0.0, 0.0]]
[[-0.031645773902603556, -0.054237746457889736, -0.17126662524245745, 0.02386840219479413, -0.013108106793215678, -5.17121677731801e-06]]	[[0.0, 0.0, 0.0, 0.0, 0.0, 0.0]]
[[-0.20583495646377178, 0.4331504814387634, -0.2044985571494306, -0.27101412792519847, -0.11923213894148256, -9.171126871504673e-05]]	[[0.0, 0.0, 0.0, 0.0, 0.0, 0.0]]
[[0.15273989425538229, -0.5449944931795777, -0.14057579804357928, 0.3220003119405453, 0.09852856228928969, 0.00012236010651653018]]	[[0.0, 0.0, 0.0, 0.0, 0.0, 0.0]]
[[-0.20151219015272637, 0.4129585740456888, -0.20346544234789116, -0.2555500705238371, -0.11537269252319252, -9.467367043029386e-05]]	[[0.0, 0.0, 0.0, 0.0, 0.0, 0.0]]
[[0.14556122866366808, -0.5221374118785773, -0.1406127290092009, 0.30507852602025215, 0.09313614306391432, 0.00011372012007332387]]	[[0.0, 0.0, 0.0, 0.0, 0.0, 0.0]]
[[-0.2022991690470346, 0.4169898754992685, -0.2036052922726141, -0.25924927913274204, -0.11634936186311165, -9.592026935768019e-05]]	[[0.0, 0.0, 0.0, 0.0, 0.0, 0.0]]
[[0.1467014685664195, -0.5256258198258045, -0.14058006202758694, 0.3085801010817236, 0.09427563260723759, 0.00011522147637517164]]	[[0.0, 0.0, 0.0, 0.0, 0.0, 0.0]]
[[-0.19844902619473676, 0.40588141996575505, -0.2040194924338698, -0.25119364580439363, -0.11360792870660409, -9.193876032461661e-05]]	[[0.0, 0.0, 0.0, 0.0, 0.0, 0.0]]
[[0.14297382005835774, -0.5141862715016172, -0.14009618393863205, 0.3003097221488856, 0.09155656825168398, 0.00011063574312832189]]	[[0.0, 0.0, 0.0, 0.0, 0.0, 0.0]]
[[-0.19734935806099638, 0.4034398701528805, -0.20399336617530922, -0.24977763119910118, -0.11299170408081195, -9.126761756797063e-05]]	[[0.0, 0.0, 0.0, 0.0, 0.0, 0.0]]
[[0.14199503912712227, -0.5115328620415124, -0.14016472350835002, 0.29879342927841684, 0.09098894438893257, 0.00010957748948772933]]	[[0.0, 0.0, 0.0, 0.0, 0.0, 0.0]]
[[-0.19641000971838068, 0.4014130734968243, -0.20393733233382644, -0.24859661217113796, -0.11246752901384185, -9.041024437417985e-05]]	[[0.0, 0.0, 0.0, 0.0, 0.0, 0.0]]
[[0.14115686483903098, -0.5092929742823459, -0.14022241336000935, 0.29751218500179655, 0.09050240290322731, 0.00010868809094717124]]	[[0.0, 0.0, 0.0, 0.0, 0.0, 0.0]]
[[-0.19557348042376685, 0.39963530817944704, -0.20398676117671805, -0.24755846472349732, -0.11199972204589548, -8.951299500669228e-05]]	[[0.0, 0.0, 0.0, 0.0, 0.0, 0.0]]
[[0.14040979522162045, -0.5073281214451021, -0.14017201598433532, 0.2963861588462686, 0.09006797901017016, 0.00010787311918803962]]	[[0.0, 0.0, 0.0, 0.0, 0.0, 0.0]]
[[-0.1948643723546517, 0.3981596457194208, -0.20403352288598503, -0.24669204224544758, -0.11160315805502526, -8.878453871204665e-05]]	[[0.0, 0.0, 0.0, 0.0, 0.0, 0.0]]
[[0.13978340296468136, -0.5056817313724584, -0.14012462984195556, 0.2954398668401746, 0.08970166405289673, 0.00010690425360754407]]	[[0.0, 0.0, 0.0, 0.0, 0.0, 0.0]]
[[-0.19424750918271816, 0.39684347026338085, -0.20415596676167208, -0.245911096583988, -0.11125267827051012, -8.827630488706341e-05]]	[[0.0, 0.0, 0.0, 0.0, 0.0, 0.0]]
[[0.1392303305832869, -0.5042273092374818, -0.14000197260877462, 0.2945897519318849, 0.08937474821225741, 0.00010637381678496886]]	[[0.0, 0.0, 0.0, 0.0, 0.0, 0.0]]
[[-0.1937177273500756, 0.3957474556914647, -0.20429524217245726, -0.24525809154265205, -0.11095328866769157, -8.756601214392173e-05]]	[[0.0, 0.0, 0.0, 0.0, 0.0, 0.0]]
[[0.13875953917020462, -0.5030110066432621, -0.13986233196962322, 0.2938808651574539, 0.08909607175069645, 0.00010559898914843172]]	[[0.0, 0.0, 0.0, 0.0, 0.0, 0.0]]
[[-0.031682722682718024, -0.05427196737599087, -0.17128862569221587, 0.023886082604232733, -0.013122796533817083, -5.229772480373576e-06]]	[[0.0, 0.0, 0.0, 0.0, 0.0, 0.0]]
[[-0.2052897360978519, 0.4342184737062698, -0.20693345971570348, -0.2715858102158562, -0.118947631700238, -8.768831885016574e-05]]	[[0.0, 0.0, 0.0, 0.0, 0.0, 0.0]]
[[0.15216478444154707, -0.5461336503762219, -0.13811619778324763, 0.32260644453529064, 0.09823250687160869, 0.00011805751484576633]]	[[0.0, 0.0, 0.0, 0.0, 0.0, 0.0]]
[[-0.20102013102313807, 0.4142251966474898, -0.20618761292297222, -0.2561695213321754, -0.11508876523612274, -8.978107452093975e-05]]	[[0.0, 0.0, 0.0, 0.0, 0.0, 0.0]]
[[0.14502792359301558, -0.5234728363868039, -0.13788727811759344, 0.30572784541651504, 0.09283452052622462, 0.00010872178112275166]]	[[0.0, 0.0, 0.0, 0.0, 0.0, 0.0]]
[[-0.1997097850071247, 0.41112119827934696, -0.20636136917691633, -0.2543040291520565, -0.11434572835379561, -8.897944949421776e-05]]	[[0.0, 0.0, 0.0, 0.0, 0.0, 0.0]]
[[0.1439303737999143, -0.5200660478718593, -0.13779451377019608, 0.30372638851172956, 0.0921814270637834, 0.00010763422170404573]]	[[0.0, 0.0, 0.0, 0.0, 0.0, 0.0]]
[[-0.20405790310149852, 0.426359916852221, -0.20645551347440744, -0.266418216834465, -0.11808298608706014, -9.437277322537915e-05]]	[[0.0, 0.0, 0.0, 0.0, 0.0, 0.0]]
[[0.14881537041580278, -0.5344049827861714, -0.1377753493167861, 0.3155440709127093, 0.09617144484273703, 0.0001137184275308939]]	[[0.0, 0.0, 0.0, 0.0, 0.0, 0.0]]
[[-0.20148282153901234, 0.4192042940132766, -0.20624235330331148, -0.26119607229322755, -0.1163243944616605, -9.104887862691382e-05]]	[[0.0, 0.0, 0.0, 0.0, 0.0, 0.0]]
[[0.1465997279171083, -0.5264394475697673, -0.1378979569843754, 0.3099062816065604, 0.09453335637632986, 0.00010984459741177318]]	[[0.0, 0.0, 0.0, 0.0, 0.0, 0.0]]
[[-0.20100646202339373, 0.4179948100633289, -0.20609367120033623, -0.2605811968570999, -0.11613875190717285, -9.152345749715532e-05]]	[[0.0, 0.0, 0.0, 0.0, 0.0, 0.0]]
[[0.14650268963328056, -0.5245149126115699, -0.13807197612718752, 0.30896750293123143, 0.09449897445422045, 0.00011035084970017644]]	[[0.0, 0.0, 0.0, 0.0, 0.0, 0.0]]
[[-0.20546581361809282, 0.4348383816215156, -0.20636226526612894, -0.27353767377558713, -0.12001787649853735, -9.395799665232054e-05]]	[[0.0, 0.0, 0.0, 0.0, 0.0, 0.0]]
[[0.15169081184898156, -0.5400569023109264, -0.13786971664102626, 0.32144909133276267, 0.09870498000129799, 0.00011323421851897609]]	[[0.0, 0.0, 0.0, 0.0, 0.0, 0.0]]
[[-0.2057775193773474, 0.4364990705319766, -0.20657365770927422, -0.27490450678109435, -0.12053818261538878, -9.267594632410452e-05]]	[[0.0, 0.0, 0.0, 0.0, 0.0, 0.0]]
[[0.15271197565370057, -0.5402411826220362, -0.1375954150247755, 0.32214914584125803, 0.09950207999229932, 0.00011190243054964228]]	[[0.0, 0.0, 0.0, 0.0, 0.0, 0.0]]
[[-0.19635528292119836, 0.40745348194711944, -0.2064179670929009, -0.25265717798423853, -0.11322059140374775, -8.207964258936843e-05]]	[[0.0, 0.0, 0.0, 0.0, 0.0, 0.0]]
[[0.14341969029502308, -0.5107157101809018, -0.1376318679684822, 0.29949223014744886, 0.09216111358104635, 0.00010008722957563042]]	[[0.0, 0.0, 0.0, 0.0, 0.0, 0.0]]
[[-0.19453303215314421, 0.4020420867578896, -0.20659452960668417, -0.24869887040015723, -0.11185347856589171, -8.181821934343685e-05]]	[[0.0, 0.0, 0.0, 0.0, 0.0, 0.0]]
[[0.14169771103672546, -0.5051561581823555, -0.1375523845628956, 0.295448572202874, 0.09083288138982057, 9.945655503345899e-05]]	[[0.0, 0.0, 0.0, 0.0, 0.0, 0.0]]
[[-0.19528819741868064, 0.40600540273697483, -0.20699107800706557, -0.2517872638352437, -0.11261888029988526, -8.173540212461251e-05]]	[[0.0, 0.0, 0.0, 0.0, 0.0, 0.0]]
[[0.14261654428021225, -0.5087730691282332, -0.1371870319292529, 0.29841210612986624, 0.09167345083231807, 9.935040993536475e-05]]	[[0.0, 0.0, 0.0, 0.0, 0.0, 0.0]]
[[-0.19423342755745787, 0.403410719085933, -0.20706088377345505, -0.24984765638799478, -0.11186501083359962, -8.0896329487261e-05]]	[[0.0, 0.0, 0.0, 0.0, 0.0, 0.0]]
[[0.14166720995313697, -0.5058812735353917, -0.1370952028071803, 0.2963198663216825, 0.09094978045089186, 9.858677190457988e-05]]	[[0.0, 0.0, 0.0, 0.0, 0.0, 0.0]]
[[-0.19111041990329408, 0.3943029098290787, -0.20712497475449249, -0.24290422475176268, -0.10941958267946192, -7.877631390860861e-05]]	[[0.0, 0.0, 0.0, 0.0, 0.0, 0.0]]
[[0.13847333142277185, -0.4968066706720503, -0.1370057559785693, 0.28933418072328754, 0.08845315754094178, 9.609440116884113e-05]]	[[0.0, 0.0, 0.0, 0.0, 0.0, 0.0]]
[[-0.19245540569861497, 0.39966205296227275, -0.2077075103174239, -0.24707446564046484, -0.11060111371839397, -7.934560137257943e-05]]	[[0.0, 0.0, 0.0, 0.0, 0.0, 0.0]]
[[0.13988315302906787, -0.5020609542470569, -0.13647537058644138, 0.2934966456254851, 0.08967494309217175, 9.685486670296494e-05]]	[[0.0, 0.0, 0.0, 0.0, 0.0, 0.0]]
[[-0.19062490554265094, 0.3938426849144529, -0.20758630598816635, -0.242628195084445, -0.10911440833996386, -7.882290186303229e-05]]	[[0.0, 0.0, 0.0, 0.0, 0.0, 0.0]]
[[0.13798220715826248, -0.4962877795563425, -0.1365591603095337, 0.28903116609900087, 0.08814192020805726, 9.62157072871999e-05]]	[[0.0, 0.0, 0.0, 0.0, 0.0, 0.0]]
[[-0.19042702360963437, 0.39372929415940844, -0.2078067584199807, -0.24257503499649735, -0.10898552107384615, -7.876874701060061e-05]]	[[0.0, 0.0, 0.0, 0.0, 0.0, 0.0]]
[[0.13773659564658092, -0.4962558566671246, -0.13635809151514783, 0.2890196568426716, 0.08799617587940908, 9.619401450181065e-05]]	[[0.0, 0.0, 0.0, 0.0, 0.0, 0.0]]
[[-0.1928281302317486, 0.40187452385337796, -0.20827001283379992, -0.24884672809891561, -0.1109713697346286, -8.030699169346139e-05]]	[[0.0, 0.0, 0.0, 0.0, 0.0, 0.0]]
[[0.14025736720949056, -0.5041881446273423, -0.1359268500301955, 0.29525060372234263, 0.09004837794868953, 9.789524979637195e-05]]	[[0.0, 0.0, 0.0, 0.0, 0.0, 0.0]]
[[-0.19009721529183154, 0.39359159178361613, -0.2083238254498347, -0.24246668152869685, -0.10879773108436754, -7.799932893339166e-05]]	[[0.0, 0.0, 0.0, 0.0, 0.0, 0.0]]
[[0.1374606981199837, -0.4959339071572366, -0.13580968155123369, 0.28882400043597506, 0.08782255167301235, 9.537541179411706e-05]]	[[0.0, 0.0, 0.0, 0.0, 0.0, 0.0]]
[[-0.18999827944345152, 0.39352853721462544, -0.20866535975775052, -0.24243731642230384, -0.10872748348747505, -7.809095484830755e-05]]	[[0.0, 0.0, 0.0, 0.0, 0.0, 0.0]]
[[0.13732080708181305, -0.4959693979706696, -0.1354989251136755, 0.28884329509623824, 0.08774042715948621, 9.534635125657431e-05]]	[[0.0, 0.0, 0.0, 0.0, 0.0, 0.0]]
[[-0.1914629064128402, 0.3989811430832752, -0.2092752621383695, -0.2465971997019785, -0.10996868019516869, -7.830326595120688e-05]]	[[0.0, 0.0, 0.0, 0.0, 0.0, 0.0]]
[[0.13884832260102736, -0.5013151339514746, -0.13490696477342462, 0.292990072793194, 0.08901859906051968, 9.58372975585477e-05]]	[[0.0, 0.0, 0.0, 0.0, 0.0, 0.0]]
[[-0.18984989373765984, 0.39371398692017545, -0.20925015462311686, -0.24252680531883883, -0.10863810849672, -7.755159190372367e-05]]	[[0.0, 0.0, 0.0, 0.0, 0.0, 0.0]]
[[0.13717672751470372, -0.4960911178273064, -0.13489710238168445, 0.2889026762794693, 0.08764894391120212, 9.471213915160739e-05]]	[[0.0, 0.0, 0.0, 0.0, 0.0, 0.0]]
[[-0.18979953695975657, 0.39381590321804233, -0.20959099938574072, -0.24259425878078802, -0.1086028078139291, -7.72572219312917e-05]]	[[0.0, 0.0, 0.0, 0.0, 0.0, 0.0]]
[[0.13708792603920214, -0.4962820894577064, -0.13457275847743227, 0.28901238336283147, 0.08760069255729258, 9.46347463380404e-05]]	[[0.0, 0.0, 0.0, 0.0, 0.0, 0.0]]
[[-0.18979359400930274, 0.39406914529222214, -0.20985677353826254, -0.24275096622010173, -0.10859591572187688, -7.69982874204906e-05]]	[[0.0, 0.0, 0.0, 0.0, 0.0, 0.0]]
[[0.13703803491779235, -0.4966065036951657, -0.134309692252017, 0.28920181161198566, 0.08757653370461797, 9.441369246241939e-05]]	[[0.0, 0.0, 0.0, 0.0, 0.0, 0.0]]
[[-0.18982251650645882, 0.39436895102679226, -0.21010753762778517, -0.24293604059452203, -0.10861195238776032, -7.674168816428427e-05]]	[[0.0, 0.0, 0.0, 0.0, 0.0, 0.0]]
[[0.137030373813924, -0.49697114560584343, -0.13405884338544677, 0.2894188573065153, 0.08757797237659243, 9.408726407712963e-05]]	[[0.0, 0.0, 0.0, 0.0, 0.0, 0.0]]
[[-0.18985056224010907, 0.39469431097788027, -0.2103569357952399, -0.24313515016179435, -0.10863144213653991, -7.631613595515156e-05]]	[[0.0, 0.0, 0.0, 0.0, 0.0, 0.0]]
[[0.13702999352933942, -0.4973536054619263, -0.1338094383750778, 0.2896444633853162, 0.08758612612368649, 9.370363576209147e-05]]	[[0.0, 0.0, 0.0, 0.0, 0.0, 0.0]]
[[-0.18989038880440912, 0.3950065320729233, -0.21066784323500215, -0.24332181372055955, -0.10865753772862816, -7.590406361928707e-05]]	[[0.0, 0.0, 0.0, 0.0, 0.0, 0.0]]
[[0.13704306225439547, -0.49772036718774115, -0.13349805459742864, 0.2898559262718846, 0.08760140376661608, 9.320798063459347e-05]]	[[0.0, 0.0, 0.0, 0.0, 0.0, 0.0]]
[[-0.1899347528531888, 0.3953584327166187, -0.2108857579657894, -0.24353735343861482, -0.10869132168394982, -7.535765436265834e-05]]	[[0.0, 0.0, 0.0, 0.0, 0.0, 0.0]]
[[0.13706165997721356, -0.4981322237558245, -0.13328204021149176, 0.2900985348829929, 0.08762597632759964, 9.284842704656924e-05]]	[[0.0, 0.0, 0.0, 0.0, 0.0, 0.0]]
[[-0.18999187298042503, 0.3957399341129503, -0.21116167760202303, -0.24376194698463674, -0.108729059882953, -7.496893011361962e-05]]	[[0.0, 0.0, 0.0, 0.0, 0.0, 0.0]]
[[0.1370990044941011, -0.4985532575210263, -0.1330057807527693, 0.2903440556031831, 0.08765663535825627, 9.232123844939223e-05]]	[[0.0, 0.0, 0.0, 0.0, 0.0, 0.0]]
[[-0.19002774106023262, 0.3960882920053648, -0.21150029429933775, -0.24396521139613733, -0.10875496741200195, -7.442973656874595e-05]]	[[0.0, 0.0, 0.0, 0.0, 0.0, 0.0]]
[[0.13711515173787342, -0.49893882236928666, -0.13266492076191966, 0.2905641167100496, 0.08767528005332692, 9.186476825610736e-05]]	[[0.0, 0.0, 0.0, 0.0, 0.0, 0.0]]
[[-0.19003813838722533, 0.3964228230778115, -0.2118051014163495, -0.24415802771064687, -0.10876434097420781, -7.400125636024301e-05]]	[[0.0, 0.0, 0.0, 0.0, 0.0, 0.0]]
[[0.13710915271745114, -0.4993031596162411, -0.13236057683441466, 0.29077206522222604, 0.08767855208366272, 9.119321260408656e-05]]	[[0.0, 0.0, 0.0, 0.0, 0.0, 0.0]]
[[-0.1900698952312948, 0.3967946241546209, -0.21207558520149788, -0.24437636559706202, -0.10878994821634469, -7.350485643430738e-05]]	[[0.0, 0.0, 0.0, 0.0, 0.0, 0.0]]
[[0.1371255761137448, -0.4997072451283842, -0.13209149794744318, 0.29100409803935945, 0.08769816849485662, 9.072972868696723e-05]]	[[0.0, 0.0, 0.0, 0.0, 0.0, 0.0]]
[[-0.19014558412922372, 0.3972064272627149, -0.21234992479849163, -0.2446114818911664, -0.10883764648941051, -7.3142162242989e-05]]	[[0.0, 0.0, 0.0, 0.0, 0.0, 0.0]]
[[0.1371932655143595, -0.5001371276658895, -0.13181771437646533, 0.291249945516786, 0.08774327044033996, 9.04665275553663e-05]]	[[0.0, 0.0, 0.0, 0.0, 0.0, 0.0]]
[[-0.19022718858115706, 0.39768580548015836, -0.21261477065578166, -0.24488465156509126, -0.10888959851456845, -7.281354483463929e-05]]	[[0.0, 0.0, 0.0, 0.0, 0.0, 0.0]]
[[0.13726924315413946, -0.5006294743875601, -0.13155348584219778, 0.2915295617500553, 0.0877936734306586, 9.00255074500961e-05]]	[[0.0, 0.0, 0.0, 0.0, 0.0, 0.0]]
[[-0.1903128936765943, 0.3981318137019776, -0.21292797770778676, -0.24513680044007174, -0.1089416888620739, -7.249932707383594e-05]]	[[0.0, 0.0, 0.0, 0.0, 0.0, 0.0]]
[[0.13734607338954638, -0.5010923649898822, -0.13123964957540263, 0.2917886836390098, 0.08784171231952399, 8.963681440714905e-05]]	[[0.0, 0.0, 0.0, 0.0, 0.0, 0.0]]
[[-0.1903996610875926, 0.3986111668923015, -0.2131809152536101, -0.2454102905447024, -0.10899802496089149, -7.2103225142772e-05]]	[[0.0, 0.0, 0.0, 0.0, 0.0, 0.0]]
[[0.13743066475226118, -0.5015773358192929, -0.13098809588817678, 0.2920665019194065, 0.08789810905156989, 8.927251841498573e-05]]	[[0.0, 0.0, 0.0, 0.0, 0.0, 0.0]]
[[-0.19044524460591603, 0.3990011514104183, -0.21346678284351256, -0.24562475617662785, -0.10902888076963493, -7.163250695343792e-05]]	[[0.0, 0.0, 0.0, 0.0, 0.0, 0.0]]
[[0.13747677312680284, -0.501962788657125, -0.1307015403990483, 0.2922807200303035, 0.08792986827608247, 8.880340065133452e-05]]	[[0.0, 0.0, 0.0, 0.0, 0.0, 0.0]]
[[-0.19662338547947716, 0.41828172347243414, -0.2138780821345158, -0.26027681716798534, -0.11399394256302384, -7.690925635199038e-05]]	[[0.0, 0.0, 0.0, 0.0, 0.0, 0.0]]
[[0.14404112789650586, -0.5206100714911763, -0.13036409645652597, 0.30676984610100716, 0.093094579051844, 9.45683652734898e-05]]	[[0.0, 0.0, 0.0, 0.0, 0.0, 0.0]]
[[-0.1894358344136368, 0.39742759490246227, -0.21392274241739123, -0.24411630240633178, -0.10834083617341435, -6.747042532433519e-05]]	[[0.0, 0.0, 0.0, 0.0, 0.0, 0.0]]
[[0.13674253434165645, -0.49974161743650347, -0.13016194523790853, 0.29045068532420204, 0.08733140953450168, 8.44805811723017e-05]]	[[0.0, 0.0, 0.0, 0.0, 0.0, 0.0]]
[[-0.18960592875218527, 0.3979060545381652, -0.214208002728363, -0.2444087288390781, -0.10843004463870906, -6.799896526436842e-05]]	[[0.0, 0.0, 0.0, 0.0, 0.0, 0.0]]
[[0.13689702431397757, -0.5003727342382316, -0.1299622108252167, 0.2908224316576843, 0.08742779683214762, 8.503187645233533e-05]]	[[0.0, 0.0, 0.0, 0.0, 0.0, 0.0]]
[[-0.1897848168182078, 0.3984085241120823, -0.21443532434268414, -0.24470744445406112, -0.10852923513674581, -6.801793415089251e-05]]	[[0.0, 0.0, 0.0, 0.0, 0.0, 0.0]]
[[0.1370315686369648, -0.5009583707264857, -0.12973392557056623, 0.29116195851530674, 0.08750949278074058, 8.530808679789635e-05]]	[[0.0, 0.0, 0.0, 0.0, 0.0, 0.0]]
[[-0.1899335459349154, 0.398853158316996, -0.21465747317185974, -0.2449610569762553, -0.10860816301917542, -6.80755150648321e-05]]	[[0.0, 0.0, 0.0, 0.0, 0.0, 0.0]]
[[0.13714874827759543, -0.5014748230736696, -0.12951286127268652, 0.29145058432351945, 0.08757586795938761, 8.522987669455522e-05]]	[[0.0, 0.0, 0.0, 0.0, 0.0, 0.0]]
[[-0.1900501080909938, 0.39925880329246455, -0.21490945681324852, -0.24518287120765564, -0.10866716903877172, -6.813668051939015e-05]]	[[0.0, 0.0, 0.0, 0.0, 0.0, 0.0]]
[[0.13723338125219728, -0.5019470671546151, -0.12926103184395726, 0.2917020057141864, 0.08762277864900035, 8.506901375299344e-05]]	[[0.0, 0.0, 0.0, 0.0, 0.0, 0.0]]
[[-0.19013891592549786, 0.3995967898020005, -0.21520887819460593, -0.2453671539565981, -0.10871158142595998, -6.807147144250125e-05]]	[[0.0, 0.0, 0.0, 0.0, 0.0, 0.0]]
[[0.13729003674815443, -0.5023441662291286, -0.1289603702117032, 0.291914244201767, 0.08765584227127296, 8.501656564307154e-05]]	[[0.0, 0.0, 0.0, 0.0, 0.0, 0.0]]
[[-0.19021390675809863, 0.3999075210699333, -0.215509022248558, -0.24553329319546865, -0.10874850530317706, -6.781582024247105e-05]]	[[0.0, 0.0, 0.0, 0.0, 0.0, 0.0]]
[[0.13733339922630194, -0.5027193850565792, -0.12865800330494043, 0.29210842295861034, 0.08767935131112825, 8.481319776183947e-05]]	[[0.0, 0.0, 0.0, 0.0, 0.0, 0.0]]
[[-0.1902787850536346, 0.4002236001505562, -0.2157703304312028, -0.24568932690219078, -0.10877705802328469, -6.7500467275051e-05]]	[[0.0, 0.0, 0.0, 0.0, 0.0, 0.0]]
[[0.137373088595038, -0.5030944569859277, -0.12839907664408517, 0.29229272930831085, 0.08769905967547467, 8.45726631793853e-05]]	[[0.0, 0.0, 0.0, 0.0, 0.0, 0.0]]
[[-0.1903559689996965, 0.40054653707413335, -0.2160358878966137, -0.24584942580863312, -0.10881230520616172, -6.721932235437538e-05]]	[[0.0, 0.0, 0.0, 0.0, 0.0, 0.0]]
[[0.1374182333959854, -0.5034849243854443, -0.12813318259245493, 0.29248135724392793, 0.08772099187970449, 8.415473262143277e-05]]	[[0.0, 0.0, 0.0, 0.0, 0.0, 0.0]]
[[-0.19285850387257059, 0.4073796315782009, -0.21660531926601662, -0.25098608678059586, -0.11070748369007347, -7.065811692517167e-05]]	[[0.0, 0.0, 0.0, 0.0, 0.0, 0.0]]
[[0.1400337801453269, -0.5101433387304399, -0.12758662627029643, 0.297585189421892, 0.08967946110332126, 8.787342210368952e-05]]	[[0.0, 0.0, 0.0, 0.0, 0.0, 0.0]]
[[-0.19436182562503265, 0.4120774221679313, -0.216880479870809, -0.25446609083951843, -0.11191891809831292, -7.119229469701944e-05]]	[[0.0, 0.0, 0.0, 0.0, 0.0, 0.0]]
[[0.14170826053949268, -0.514486199063166, -0.12730490922641774, 0.3009294348164476, 0.09096618906040196, 8.877132436787896e-05]]	[[0.0, 0.0, 0.0, 0.0, 0.0, 0.0]]
[[-0.19332630627174913, 0.4097334756960162, -0.21699021306821947, -0.25249663467051137, -0.11113809634854464, -6.854890530710868e-05]]	[[0.0, 0.0, 0.0, 0.0, 0.0, 0.0]]
[[0.14078184587740525, -0.5118809412767614, -0.12717053323430244, 0.29882063863535274, 0.09021725768082589, 8.590352603889088e-05]]	[[0.0, 0.0, 0.0, 0.0, 0.0, 0.0]]
[[-0.1908963757882052, 0.4030257865831549, -0.21729863787325282, -0.24725268503876754, -0.10922202945085083, -6.543334104656944e-05]]	[[0.0, 0.0, 0.0, 0.0, 0.0, 0.0]]
[[0.13833113911764322, -0.5051826647889839, -0.12684377903539307, 0.2935335355891888, 0.08827457732857305, 8.237885054644748e-05]]	[[0.0, 0.0, 0.0, 0.0, 0.0, 0.0]]
[[-0.19147190507254447, 0.4047663398699847, -0.21755816571028402, -0.24848579575415894, -0.10964582028502368, -6.587837919324459e-05]]	[[0.0, 0.0, 0.0, 0.0, 0.0, 0.0]]
[[0.1389372752432827, -0.506917407561299, -0.12661932537670934, 0.29477757536619925, 0.08871903651408938, 8.298418422837219e-05]]	[[0.0, 0.0, 0.0, 0.0, 0.0, 0.0]]
[[-0.19436603566260285, 0.41319167788266387, -0.21785924772048432, -0.25482259661465967, -0.11191368532546413, -6.877452266515835e-05]]	[[0.0, 0.0, 0.0, 0.0, 0.0, 0.0]]
[[0.14200817830586154, -0.5150251359157342, -0.1263425358229568, 0.30102393988497134, 0.09107741199520511, 8.619938517729001e-05]]	[[0.0, 0.0, 0.0, 0.0, 0.0, 0.0]]
[[-0.20148570661919896, 0.433908545846958, -0.2182546687284978, -0.27055518662945144, -0.1175906501880859, -7.573569516845139e-05]]	[[0.0, 0.0, 0.0, 0.0, 0.0, 0.0]]
[[0.1496794528635888, -0.5346967631267394, -0.12599383387374802, 0.3164132760644867, 0.09701920215470713, 9.336445307083725e-05]]	[[0.0, 0.0, 0.0, 0.0, 0.0, 0.0]]
[[-0.1854397349243512, 0.38959441235293607, -0.21829404775341338, -0.2363647116483238, -0.1050282441161663, -5.564937617401778e-05]]	[[0.0, 0.0, 0.0, 0.0, 0.0, 0.0]]
[[0.1332151874819911, -0.4907681643811968, -0.12570234779649198, 0.28208898174108044, 0.08415934333875243, 7.19391719366903e-05]]	[[0.0, 0.0, 0.0, 0.0, 0.0, 0.0]]
[[-0.19978265258191943, 0.4297503452681943, -0.21863456537992215, -0.26711140407328793, -0.11627323564891778, -7.26124237480275e-05]]	[[0.0, 0.0, 0.0, 0.0, 0.0, 0.0]]
[[0.1481460707170287, -0.5302772087156556, -0.1256959265919892, 0.31282936503199504, 0.0957681714064651, 8.963354112883478e-05]]	[[0.0, 0.0, 0.0, 0.0, 0.0, 0.0]]
[[-0.18730349065661445, 0.3946388800652423, -0.21898981891556163, -0.24000561181688823, -0.10640876873944258, -5.856035129656097e-05]]	[[0.0, 0.0, 0.0, 0.0, 0.0, 0.0]]
[[0.13531097491120286, -0.49534405443321655, -0.12503968691835116, 0.28555057897680874, 0.08564442091358807, 7.481287941832224e-05]]	[[0.0, 0.0, 0.0, 0.0, 0.0, 0.0]]
[[-0.19214168012726401, 0.40880889400458975, -0.2194570655208396, -0.25085720124174127, -0.11024638635881229, -6.339154636310454e-05]]	[[0.0, 0.0, 0.0, 0.0, 0.0, 0.0]]
[[0.14028066553807927, -0.5095538488824884, -0.12477001545148564, 0.296530630228085, 0.08959028163026192, 8.003454908299046e-05]]	[[0.0, 0.0, 0.0, 0.0, 0.0, 0.0]]
[[-0.18981097495322224, 0.40211886536862246, -0.21978255589110057, -0.24562458731184914, -0.10834480447939401, -6.119591737396683e-05]]	[[0.0, 0.0, 0.0, 0.0, 0.0, 0.0]]
[[0.13782755814211825, -0.5029587120141501, -0.12436020328891301, 0.29128751361967953, 0.08761263963364328, 7.76832845371127e-05]]	[[0.0, 0.0, 0.0, 0.0, 0.0, 0.0]]
[[-0.19132625646733326, 0.4068625599924423, -0.2200923090446802, -0.2491992309851124, -0.10955278564943827, -6.231227760339686e-05]]	[[0.0, 0.0, 0.0, 0.0, 0.0, 0.0]]
[[0.13936126109145947, -0.5077265027889647, -0.12409773352224679, 0.29490598030097814, 0.08884300681764046, 7.878571972424191e-05]]	[[0.0, 0.0, 0.0, 0.0, 0.0, 0.0]]
[[-0.18995840976694195, 0.40309561965197926, -0.2204743776368953, -0.24622915210842763, -0.10843685697753244, -6.078334053013194e-05]]	[[0.0, 0.0, 0.0, 0.0, 0.0, 0.0]]
[[0.13790462182786264, -0.5040744056747132, -0.12367966081377219, 0.29195953210495673, 0.08767915240629388, 7.724758435454593e-05]]	[[0.0, 0.0, 0.0, 0.0, 0.0, 0.0]]
[[-0.19106527811338792, 0.4065671086430232, -0.22077967913758595, -0.24881830623931886, -0.10931009641944653, -6.14398023407649e-05]]	[[0.0, 0.0, 0.0, 0.0, 0.0, 0.0]]
[[-0.015600995489580632, -0.07409335204706916, -0.1687484534014993, 0.03775210232919039, -0.004362349949876063, 9.091838042278505e-06]]	[[0.0, 0.0, 0.0, 0.0, 0.0, 0.0]]
[[0.1304191054758682, -0.47978490627768744, -0.1263970774787752, 0.2783546578150612, 0.08344101914615094, 7.305522452056086e-05]]	[[0.0, 0.0, 0.0, 0.0, 0.0, 0.0]]
[[-0.029437991691833462, -0.04959315153106566, -0.17151433509046438, 0.021786311281782753, -0.012242695862370354, -5.6134067154201404e-06]]	[[0.0, 0.0, 0.0, 0.0, 0.0, 0.0]]
[[-0.18683197732862794, 0.402166084610565, -0.2221982002523854, -0.24537403725740917, -0.10661646632981749, -4.627664015343348e-05]]	[[0.0, 0.0, 0.0, 0.0, 0.0, 0.0]]
[[-0.014937979838785344, -0.07672248359600259, -0.16875751226514296, 0.03951958251752276, -0.0038211209990583264, 8.993849597656643e-06]]	[[0.0, 0.0, 0.0, 0.0, 0.0, 0.0]]
[[0.12793416435000407, -0.47595163616063146, -0.12552167936596564, 0.2746101688505543, 0.08146177501497565, 6.891713491627019e-05]]	[[0.0, 0.0, 0.0, 0.0, 0.0, 0.0]]
[[-0.180304784447587, 0.38099427459199653, -0.21956786155843305, -0.23238889705210936, -0.10263335701257392, -5.213535314872034e-05]]	[[0.0, 0.0, 0.0, 0.0, 0.0, 0.0]]
[[0.12910664472420808, -0.4802380282363967, -0.12460611254346515, 0.27726409030479043, 0.08218546024888507, 6.801797905002928e-05]]	[[0.0, 0.0, 0.0, 0.0, 0.0, 0.0]]
[[-0.18486416263849054, 0.39356594939765904, -0.22000299904930104, -0.24152748554617195, -0.10597923374464085, -5.707775950999576e-05]]	[[0.0, 0.0, 0.0, 0.0, 0.0, 0.0]]
[[0.13359421312537367, -0.49300786532793683, -0.12421130157075971, 0.286565573222333, 0.08553194689817434, 7.318214153432822e-05]]	[[0.0, 0.0, 0.0, 0.0, 0.0, 0.0]]
[[-0.18244711213846204, 0.38659850684543257, -0.22047232857988147, -0.23573205326657592, -0.1038564376755911, -5.255738540959326e-05]]	[[0.0, 0.0, 0.0, 0.0, 0.0, 0.0]]
[[0.13089117402009046, -0.4864803583845857, -0.1236651268665247, 0.2809055022603408, 0.08326652793366379, 6.86295668565048e-05]]	[[0.0, 0.0, 0.0, 0.0, 0.0, 0.0]]
[[-0.18643186851206156, 0.3975387004115464, -0.22091956241582572, -0.2437197950629904, -0.1067938284966536, -5.707993410696001e-05]]	[[0.0, 0.0, 0.0, 0.0, 0.0, 0.0]]
[[0.13484471166277426, -0.49760406561004433, -0.12329025046123959, 0.28904561065663864, 0.08622375494293173, 7.334013395417444e-05]]	[[0.0, 0.0, 0.0, 0.0, 0.0, 0.0]]
[[-0.18413561106359622, 0.3910582551168178, -0.2213273781369715, -0.2383842369434438, -0.10481737707905052, -5.294934638646862e-05]]	[[0.0, 0.0, 0.0, 0.0, 0.0, 0.0]]
[[0.132293191013673, -0.49150856902255063, -0.12281536387350295, 0.28382528357870324, 0.08411919050121272, 6.887787065967462e-05]]	[[0.0, 0.0, 0.0, 0.0, 0.0, 0.0]]
[[-0.18741986035006813, 0.3999976208894364, -0.22174452664839123, -0.24490116891861655, -0.10722877707766475, -5.6710382106137825e-05]]	[[0.0, 0.0, 0.0, 0.0, 0.0, 0.0]]
[[0.13554117375813482, -0.5006286345155084, -0.12245861786829643, 0.29048250769262535, 0.08654409361907328, 7.295206005822939e-05]]	[[0.0, 0.0, 0.0, 0.0, 0.0, 0.0]]
[[-0.18560569631949436, 0.3950728778917895, -0.22205730364647053, -0.24081318018217798, -0.105678027574843, -5.300365318727677e-05]]	[[0.0, 0.0, 0.0, 0.0, 0.0, 0.0]]
[[0.13352024498750212, -0.4960222909525944, -0.12209324116667103, 0.286493526202063, 0.084890268659013, 6.90804228746202e-05]]	[[0.0, 0.0, 0.0, 0.0, 0.0, 0.0]]
[[-0.18816531578445, 0.40201459669278716, -0.22248800917630435, -0.24585929449480856, -0.10754607950299168, -5.604217624406574e-05]]	[[0.0, 0.0, 0.0, 0.0, 0.0, 0.0]]
[[0.13603582519478113, -0.5031432909361172, -0.12170759164224781, 0.29166312831254604, 0.08676121932549591, 7.217449824470585e-05]]	[[0.0, 0.0, 0.0, 0.0, 0.0, 0.0]]
[[-0.18665718623260158, 0.3981017552538231, -0.2226123427206716, -0.24256614073161525, -0.10626337485738696, -5.250845031967197e-05]]	[[0.0, 0.0, 0.0, 0.0, 0.0, 0.0]]
[[0.134351882098356, -0.4995197592131984, -0.12154577881233969, 0.28846681777862565, 0.08539373141548356, 6.861317039315869e-05]]	[[0.0, 0.0, 0.0, 0.0, 0.0, 0.0]]
[[-0.18911773358748907, 0.4046784162803692, -0.2231047307108333, -0.24740125317583456, -0.10808009922747701, -5.543610346293234e-05]]	[[0.0, 0.0, 0.0, 0.0, 0.0, 0.0]]
[[-0.01689608641608975, -0.07131907794940331, -0.1687117183185584, 0.035579292397135504, -0.005303314517778756, 7.739644900942097e-06]]	[[0.0, 0.0, 0.0, 0.0, 0.0, 0.0]]
[[0.12939312137714865, -0.4814260058784294, -0.12413268548972128, 0.2794500393806842, 0.08300311585169104, 6.814580217201315e-05]]	[[0.0, 0.0, 0.0, 0.0, 0.0, 0.0]]
[[-0.1852739939719233, 0.39789410384926166, -0.22103804163468282, -0.24557824256809072, -0.1070383723539278, -5.6548089718564095e-05]]	[[0.0, 0.0, 0.0, 0.0, 0.0, 0.0]]
[[0.13461235836153035, -0.49614300833054964, -0.12317581903506797, 0.2901184781657353, 0.08684718737645246, 7.209443622264974e-05]]	[[0.0, 0.0, 0.0, 0.0, 0.0, 0.0]]
[[-0.1817829894476251, 0.388053492397545, -0.22157484856235848, -0.23732274781557572, -0.10399768231226274, -4.87576063708927e-05]]	[[0.0, 0.0, 0.0, 0.0, 0.0, 0.0]]
[[0.13087172460670943, -0.48660968497740553, -0.12255076684919514, 0.281913048914667, 0.08366599851080289, 6.437842027637647e-05]]	[[0.0, 0.0, 0.0, 0.0, 0.0, 0.0]]
[[-0.1829048825589105, 0.39109864981222575, -0.22224920141256804, -0.23907602145651108, -0.10461052024338119, -4.892964115342823e-05]]	[[0.0, 0.0, 0.0, 0.0, 0.0, 0.0]]
[[0.13184303371021236, -0.49001694443129207, -0.12192688953193626, 0.2838454784654816, 0.08422950381386568, 6.46027079511977e-05]]	[[0.0, 0.0, 0.0, 0.0, 0.0, 0.0]]
[[-0.18387008890748838, 0.3937298975429496, -0.22287240795224988, -0.24058450363636283, -0.10513853161954864, -4.879491245492648e-05]]	[[0.0, 0.0, 0.0, 0.0, 0.0, 0.0]]
[[0.13265198328909075, -0.49294530252875574, -0.12130312264589, 0.2854930722344956, 0.08469590147166454, 6.458318912469541e-05]]	[[0.0, 0.0, 0.0, 0.0, 0.0, 0.0]]
[[-0.18471896315174352, 0.3960490231114427, -0.22350384036491316, -0.2419071042316233, -0.10560206962868258, -4.8673577538885e-05]]	[[0.0, 0.0, 0.0, 0.0, 0.0, 0.0]]
[[0.13336528542402554, -0.4955285956021255, -0.12067068305247769, 0.2869412917619515, 0.08510806456392853, 6.44636130622504e-05]]	[[0.0, 0.0, 0.0, 0.0, 0.0, 0.0]]
[[-0.18550317839905353, 0.3981438303143558, -0.22411033703914102, -0.2431155154532078, -0.10603559803946808, -4.876416153689046e-05]]	[[0.0, 0.0, 0.0, 0.0, 0.0, 0.0]]
[[0.13402693511200545, -0.49786565933196053, -0.12006361320661257, 0.28826360477323765, 0.08549451225848775, 6.431413061609926e-05]]	[[0.0, 0.0, 0.0, 0.0, 0.0, 0.0]]
[[-0.18626234235005854, 0.40020092301016363, -0.2246042323391259, -0.24430772258087938, -0.10646348631193668, -4.872817281078033e-05]]	[[0.0, 0.0, 0.0, 0.0, 0.0, 0.0]]
[[0.13468323027195053, -0.5001330410417607, -0.11957156312923573, 0.28955475416506776, 0.0858843021563974, 6.449730767306831e-05]]	[[0.0, 0.0, 0.0, 0.0, 0.0, 0.0]]
[[-0.18704801848671976, 0.40228663255435787, -0.22510132971893254, -0.24555656276725965, -0.10692994382947003, -4.862990678729629e-05]]	[[0.0, 0.0, 0.0, 0.0, 0.0, 0.0]]
[[-0.01731589015422834, -0.06947945824477349, -0.16881005439712465, 0.03442457422508415, -0.005646364391632408, 5.444844983790919e-06]]	[[0.0, 0.0, 0.0, 0.0, 0.0, 0.0]]
[[0.12871180635489124, -0.4787819832308171, -0.12202872533747383, 0.27778817821087726, 0.08256065017095336, 6.345365311461062e-05]]	[[0.0, 0.0, 0.0, 0.0, 0.0, 0.0]]
[[-0.17868549558084906, 0.38226185445150446, -0.2229080608860085, -0.23345203824356253, -0.10216566083672336, -4.366843403012009e-05]]	[[0.0, 0.0, 0.0, 0.0, 0.0, 0.0]]
[[0.1283321820754076, -0.4797052537694508, -0.12125369478895148, 0.2775225651287122, 0.0820479923983298, 5.889889887017936e-05]]	[[0.0, 0.0, 0.0, 0.0, 0.0, 0.0]]
[[-0.17970919232024754, 0.3849552394612432, -0.22369019681493357, -0.23481552397659536, -0.1026271625793289, -4.3428731278984854e-05]]	[[0.0, 0.0, 0.0, 0.0, 0.0, 0.0]]
[[0.12909577566726685, -0.48291210240319443, -0.1204807603048747, 0.27911793503219856, 0.08240755112905737, 5.879023138005596e-05]]	[[0.0, 0.0, 0.0, 0.0, 0.0, 0.0]]
[[-0.1806713449703497, 0.3873048418275895, -0.22431643711058985, -0.2359521244744138, -0.10304295695454595, -4.3300992524651844e-05]]	[[0.0, 0.0, 0.0, 0.0, 0.0, 0.0]]
[[0.12980455245820452, -0.4857557631220455, -0.11985667675134998, 0.2804824277161298, 0.08272399949846833, 5.871965863105056e-05]]	[[0.0, 0.0, 0.0, 0.0, 0.0, 0.0]]
[[-0.17944305143288494, 0.38283304484884373, -0.22534056815553333, -0.23195276818269278, -0.1016603581736481, -4.182309452655611e-05]]	[[0.0, 0.0, 0.0, 0.0, 0.0, 0.0]]
[[0.12820084543983767, -0.48200309819447246, -0.11880383152479762, 0.27676457176375674, 0.08117532546816317, 5.737334198464961e-05]]	[[0.0, 0.0, 0.0, 0.0, 0.0, 0.0]]
[[-0.18518096193283212, 0.3989886534950482, -0.22581139539256684, -0.2438732204250341, -0.10601561276486622, -4.7522131686718594e-05]]	[[0.0, 0.0, 0.0, 0.0, 0.0, 0.0]]
[[0.1338848382790637, -0.4984134184170408, -0.11841824719263533, 0.28890228807761015, 0.08555376258959338, 6.313561844405882e-05]]	[[0.0, 0.0, 0.0, 0.0, 0.0, 0.0]]
[[-0.1846443142250996, 0.39727202576709475, -0.22649053814073733, -0.24208745358090888, -0.10537406643769735, -5.505246677522834e-05]]	[[0.0, 0.0, 0.0, 0.0, 0.0, 0.0]]
[[0.13311981622664218, -0.496822152990154, -0.11779438475828513, 0.2870798625955978, 0.08478020316251189, 6.052925956847966e-05]]	[[0.0, 0.0, 0.0, 0.0, 0.0, 0.0]]
[[-0.18546945197017797, 0.39950546464792397, -0.2269375806705986, -0.24336812888067086, -0.10582538957840705, -4.730910240664286e-05]]	[[0.0, 0.0, 0.0, 0.0, 0.0, 0.0]]
[[-0.0058809895428389505, -0.10142705547559318, -0.16937511510951747, 0.05880529036293967, 0.003409171649152493, -2.327825823236292e-05]]	[[0.0, 0.0, 0.0, 0.0, 0.0, 0.0]]
[[0.11433709206193107, -0.4455504878366635, -0.12064762108955968, 0.2518259062585383, 0.07131823967639561, 0.0001264064509116473]]	[[0.0, 0.0, 0.0, 0.0, 0.0, 0.0]]
[[-0.18165885294112485, 0.38844035859039805, -0.23225636358290552, -0.23889501754297818, -0.10512576419644805, -0.00031388867228670625]]	[[0.0, 0.0, 0.0, 0.0, 0.0, 0.0]]
[[0.12786120962738767, -0.48541404617581013, -0.11983436110954443, 0.2819889643210877, 0.08163168840096043, 0.00022617961507369948]]	[[0.0, 0.0, 0.0, 0.0, 0.0, 0.0]]
[[-0.170670687695586, 0.38371704374952176, -0.24921611580333497, -0.23636036731918178, -0.09984911847203135, -0.0003038265085706598]]	[[0.0, 0.0, 0.0, 0.0, 0.0, 0.0]]
[[0.5701402175647076, -0.6719816873005032, -0.4612992736284171, 0.4471752347481188, 0.4490501202888205, 0.011840266543929195]]	[[0.0, 0.0, 0.0, 0.0, 0.0, 0.0]]
[[0.13972860014608518, 0.355704762949246, -0.47347124585134365, -0.21752536825145669, 0.14808604180995372, -0.000654792927281853]]	[[0.0, 0.0, 0.0, 0.0, 0.0, 0.0]]
[[0.6670076366207269, -0.7151043365772994, -0.5770018088693276, 0.49075748413238923, 0.5379109073632727, 0.015389991187038238]]	[[0.0, 0.0, 0.0, 0.0, 0.0, 0.0]]
[[0.26088655658897825, 0.3423693959838687, -0.5725191067435125, -0.20834030782066798, 0.24614360592616688, -0.0007060732898897732]]	[[0.0, 0.0, 0.0, 0.0, 0.0, 0.0]]
[[0.7749431317016878, -0.7548570087424561, -0.6662303288749114, 0.5274446174796272, 0.6265226785262331, 0.018238519427360104]]	[[0.0, 0.0, 0.0, 0.0, 0.0, 0.0]]
[[0.35788742601396945, 0.3401774193793827, -0.6564478314798086, -0.2078093698421598, 0.3234888134057603, -0.000914802161487296]]	[[0.0, 0.0, 0.0, 0.0, 0.0, 0.0]]
[[0.8826688886938632, -0.8003631171031337, -0.7547520732359114, 0.5681725169462958, 0.7150540817714303, 0.021003710559812722]]	[[0.0, 0.0, 0.0, 0.0, 0.0, 0.0]]
[[0.4870010390143616, 0.3322090949972693, -0.7660484167998365, -0.20318920251540137, 0.4265852359951191, -0.0011308431074016822]]	[[0.0, 0.0, 0.0, 0.0, 0.0, 0.0]]
[[0.8823417979228145, -0.8017634080709156, -0.747050051616462, 0.571254730289564, 0.7158136225228964, 0.021372610226410856]]	[[0.0, 0.0, 0.0, 0.0, 0.0, 0.0]]
[[0.6434242134446276, 0.30982136024201334, -0.899160831106045, -0.18710540290152508, 0.5514692944715585, -0.0009699791704371731]]	[[0.0, 0.0, 0.0, 0.0, 0.0, 0.0]]
[[0.9759222511601368, -0.8323499147598629, -0.8221016122558971, 0.6009379124888656, 0.7928733666864338, 0.02390557449140737]]	[[0.0, 0.0, 0.0, 0.0, 0.0, 0.0]]
[[0.7240881650824849, 0.2874345634431563, -0.9712851678555321, -0.17070444081731256, 0.6141579058656583, -0.0007157535744012667]]	[[0.0, 0.0, 0.0, 0.0, 0.0, 0.0]]
[[1.0793547554332854, -0.8656781703914759, -0.913374090825469, 0.6326091796074895, 0.8770978525665151, 0.027164091092302098]]	[[0.0, 0.0, 0.0, 0.0, 0.0, 0.0]]
[[0.8716746033113216, 0.26410344766307603, -1.102897698419857, -0.15375226284198168, 0.7308766969640873, -0.0003355055236865694]]	[[0.0, 0.0, 0.0, 0.0, 0.0, 0.0]]
[[1.1198890120791454, -0.8781051994991955, -0.938046759753898, 0.6460736751169203, 0.9109066878492038, 0.0286463743166428]]	[[0.0, 0.0, 0.0, 0.0, 0.0, 0.0]]
[[1.0022457994117613, 0.2699767613448206, -1.2115770947941171, -0.1600660555988945, 0.8333498373133748, -0.0007399638053932997]]	[[0.0, 0.0, 0.0, 0.0, 0.0, 0.0]]
[[1.144321816080375, -0.8995481804912313, -0.9563981265639714, 0.6654743418700076, 0.9317384207540794, 0.029652242357109466]]	[[0.0, 0.0, 0.0, 0.0, 0.0, 0.0]]
[[1.108505520092514, 0.24769651865760986, -1.312071206221391, -0.1438174238189569, 0.9148452086180148, -0.000311423213575064]]	[[0.0, 0.0, 0.0, 0.0, 0.0, 0.0]]
[[1.2649353256817881, -0.9452768269990394, -1.0690489926418292, 0.7077430394797535, 1.0291890635414016, 0.03336000997223801]]	[[0.0, 0.0, 0.0, 0.0, 0.0, 0.0]]
[[1.1976833986324, 0.23674018714442754, -1.3914673958096904, -0.13660762063595216, 0.9831630920787907, 0.00010881625367603166]]	[[0.0, 0.0, 0.0, 0.0, 0.0, 0.0]]
[[1.3333397856827838, -0.973374412689431, -1.1246139453362778, 0.7341538120176978, 1.0848180118625184, 0.03545654107042277]]	[[0.0, 0.0, 0.0, 0.0, 0.0, 0.0]]
[[1.346668156981464, 0.20799218314774134, -1.5511142847752453, -0.11357942746058564, 1.0962618462709242, 0.0022615725620333195]]	[[0.0, 0.0, 0.0, 0.0, 0.0, 0.0]]
[[1.328197802865653, -0.983015632442887, -1.110605738492147, 0.7438653367021344, 1.0829652570304031, 0.03559786178626191]]	[[0.0, 0.0, 0.0, 0.0, 0.0, 0.0]]
[[1.4979510526370499, 0.20265848380696483, -1.6792503585626055, -0.11294754387846394, 1.2151527127575785, 0.0012587704790698732]]	[[0.0, 0.0, 0.0, 0.0, 0.0, 0.0]]
[[1.4264884945157177, -1.0113474246905292, -1.1941732694067366, 0.7713221288753065, 1.1620062563883884, 0.03851501027846696]]	[[0.0, 0.0, 0.0, 0.0, 0.0, 0.0]]
[[1.4139808386026302, 0.2011306602155425, -1.9306676688010267, -0.11417808305619409, 1.1402578812579545, 0.0013314440981654816]]	[[0.0, 0.0, 0.0, 0.0, 0.0, 0.0]]
[[1.2822714982602363, -0.21720778678759228, -2.1883059633690247, 0.14865627270910306, 1.0387021880643321, 0.000601596090491673]]	[[0.0, 0.0, 0.0, 0.0, 0.0, 0.0]]
[[0.9290379347996961, -1.2996867081432675, -1.8808879243395649, 1.0378662279891817, 0.7581080567557835, 0.021895597020891392]]	[[0.0, 0.0, 0.0, 0.0, 0.0, 0.0]]
[[1.2175356781305613, 0.13958777411827034, -2.5956990750500917, -0.08140055957713264, 0.9754913187695772, 0.0003408252439515321]]	[[0.0, 0.0, 0.0, 0.0, 0.0, 0.0]]
[[0.8609568500533823, -1.454854857846148, -2.2945408273536088, 1.1712436393994334, 0.704522243371106, 0.017846640697031454]]	[[0.0, 0.0, 0.0, 0.0, 0.0, 0.0]]
[[1.2177011994154654, 0.11203722501320151, -2.8600609106275665, -0.06395030278019681, 0.972062277006023, 0.0004886632057159217]]	[[0.0, 0.0, 0.0, 0.0, 0.0, 0.0]]
[[1.1809420918261633, -0.19171188273330536, -2.8613480425059796, 0.12536499707334808, 0.9511476316980623, -0.0007828016987653448]]	[[0.0, 0.0, 0.0, 0.0, 0.0, 0.0]]
[[0.6929423610637181, -1.527414726137539, -2.6808068497642163, 1.2444663222377, 0.5651327630398629, 0.01641221952484484]]	[[0.0, 0.0, 0.0, 0.0, 0.0, 0.0]]
[[1.3234900651870618, -0.009661093194786537, -3.499813855645805, 0.027739959524234227, 1.0443626228570155, 0.004905840278135255]]	[[0.0, 0.0, 0.0, 0.0, 0.0, 0.0]]
[[1.1721807850991688, -0.1980061557450187, -3.4302118081252138, 0.12670028606586559, 0.9400224307143118, 0.0007621600775340506]]	[[0.0, 0.0, 0.0, 0.0, 0.0, 0.0]]
[[0.7683482242353564, -1.5147172257998334, -3.043971368764414, 1.2418325377953314, 0.6312571767030923, 0.012781569522518322]]	[[0.0, 0.0, 0.0, 0.0, 0.0, 0.0]]
[[1.359607869144064, -0.012863959407454523, -3.8935120473940543, 0.016385661996006617, 1.0699932332549522, 0.003671820444791802]]	[[0.0, 0.0, 0.0, 0.0, 0.0, 0.0]]
[[1.1237120221164472, -0.20590215459108724, -4.17666734958797, 0.1296710457902721, 0.8967329514267723, -0.0014201855880901168]]	[[0.0, 0.0, 0.0, 0.0, 0.0, 0.0]]
[[1.214006164394646, -0.17329236075656573, -4.220231803132211, 0.10443582441416191, 0.9661288666045952, 0.001174212406456429]]	[[0.0, 0.0, 0.0, 0.0, 0.0, 0.0]]
[[1.2425140613352068, -0.17441856396405758, -4.464144978798202, 0.10413562370735265, 0.9861865251271641, 0.001023844313473427]]	[[0.0, 0.0, 0.0, 0.0, 0.0, 0.0]]
[[0.6959715379222092, -1.385493433408334, -4.72489204777352, 1.1305274186784933, 0.5178410645662189, 0.024376611883688476]]	[[0.0, 0.0, 0.0, 0.0, 0.0, 0.0]]
[[0.6171866669291942, -0.048914957526594645, -5.46934926998422, 0.028858762519962444, 0.503440334141364, -0.00010881602822117663]]	[[0.0, 0.0, 0.0, 0.0, 0.0, 0.0]]
[[1.4013450109772219, -0.3857855575881086, -5.308875239947511, 0.29152956493152177, 1.0998650520203088, 0.012240583848558254]]	[[0.0, 0.0, 0.0, 0.0, 0.0, 0.0]]
[[1.3633629652096226, -0.2741199045147667, -5.565306511291706, 0.18771923618824551, 1.0650405845628148, 0.006707720590374516]]	[[0.0, 0.0, 0.0, 0.0, 0.0, 0.0]]
[[1.3544281855505598, -0.31862889139394995, -5.720500217043704, 0.22804934422694972, 1.0582873116632665, 0.010410118481877492]]	[[0.0, 0.0, 0.0, 0.0, 0.0, 0.0]]
[[1.3423361377499727, -0.26232623925767556, -6.033649175631182, 0.1815197397267539, 1.0483271075024534, 0.006985727899643983]]	[[0.0, 0.0, 0.0, 0.0, 0.0, 0.0]]
[[1.3344806828557494, -0.20318266561394974, -6.157184100796742, 0.13063084495243926, 1.0385267923176376, 0.005497469437027258]]	[[0.0, 0.0, 0.0, 0.0, 0.0, 0.0]]
[[1.342147591974371, -0.21369679132320496, -6.338601702644097, 0.13915407636965654, 1.0435204048504627, 0.005615450837128448]]	[[0.0, 0.0, 0.0, 0.0, 0.0, 0.0]]
[[1.3634304402445128, -0.25756780762224, -6.9058759961164045, 0.1738383488927977, 1.0583691292011606, 0.00913784545253312]]	[[0.0, 0.0, 0.0, 0.0, 0.0, 0.0]]
[[1.4334323149222437, -0.2612218201257149, -7.1976008633381925, 0.17074004396889608, 1.1063165460471842, 0.010827136220906915]]	[[0.0, 0.0, 0.0, 0.0, 0.0, 0.0]]
[[1.3892949084149335, -0.1118972795332624, -7.284816759430504, 0.03795986627839099, 1.0768391442336316, 0.009725842818323324]]	[[0.0, 0.0, 0.0, 0.0, 0.0, 0.0]]
[[1.421749537212767, -0.28428379398651643, -7.434687642283952, 0.18829555210777282, 1.1052854863002384, 0.016671529124613584]]	[[0.0, 0.0, 0.0, 0.0, 0.0, 0.0]]
[[1.4518921316771518, -0.3171225402840843, -7.658367785492328, 0.21397722368335173, 1.1226051994784843, 0.014884043439042507]]	[[0.0, 0.0, 0.0, 0.0, 0.0, 0.0]]
[[1.3825308253512603, 0.09645554509603688, -8.090812301639504, -0.14539963646399334, 1.068223289087039, 0.010088736419603185]]	[[0.0, 0.0, 0.0, 0.0, 0.0, 0.0]]
[[1.440003174876717, -0.08613671846024155, -8.380384341186321, 0.013049059395771218, 1.1068137168033292, 0.014760928611887046]]	[[0.0, 0.0, 0.0, 0.0, 0.0, 0.0]]
[[1.355127225185503, 0.018391677152460022, -8.729901881018884, -0.07876364286593666, 1.0870001798434672, 0.010705382109377255]]	[[0.0, 0.0, 0.0, 0.0, 0.0, 0.0]]
[[1.2474298190548778, 0.42430050892859467, -10.720315533274952, -0.4551183106721401, 1.1116036825263478, 0.018132442173541822]]	[[0.0, 0.0, 0.0, 0.0, 0.0, 0.0]]
[[2.076705332552195, -0.02493412644789881, -9.500079046516927, -0.009991484286035947, 1.3526533639493876, -0.0026691178462137674]]	[[0.0, 0.0, 0.0, 0.0, 0.0, 0.0]]
[[-0.09570317353773453, -0.8071618351141752, -6.898793792661338, 0.6153974985152394, 0.20735251948154756, 0.010023438669505138]]	[[0.0, 0.0, 0.0, 0.0, 0.0, 0.0]]
[[1.6184056514308456, -1.1178260678684857, -5.436138256445961, 0.9255037859136693, 1.2851046728940427, 0.014036101379624563]]	[[0.0, 0.0, 0.0, 0.0, 0.0, 0.0]]
[[1.5356860139320172, -1.2567197447899976, -3.6389855804213163, 1.0494603436283567, 1.2567385950078636, 0.01152013789523504]]	[[0.0, 0.0, 0.0, 0.0, 0.0, 0.0]]
[[1.5463728913289139, -1.1547719810306032, -2.1824212071072306, 0.9618318193446582, 1.2864898183970985, 0.012319240229542143]]	[[0.0, 0.0, 0.0, 0.0, 0.0, 0.0]]
[[1.5328021480252634, -1.3602250765120039, -1.832721663991483, 1.0943787170107826, 1.2886135193844763, 0.0010044177764862061]]	[[0.0, 0.0, 0.0, 0.0, 0.0, 0.0]]
[[1.611450431239326, -0.8520877318848159, -1.7471026812972887, 0.6877237774933901, 1.357523524006275, -0.005526563085032403]]	[[0.0, 0.0, 0.0, 0.0, 0.0, 0.0]]
[[1.5893834062449406, -0.9947657109917948, -1.7635032912985, 0.8235937258622784, 1.3331306975576136, 0.06892537102027144]]	[[0.0, 0.0, 0.0, 0.0, 0.0, 0.0]]
[[1.6528996460669518, -1.0695271287773667, -1.7432473104853834, 0.9275897267514719, 1.3817593355247013, -0.014424037013807026]]	[[0.0, 0.0, 0.0, 0.0, 0.0, 0.0]]
[[1.5950184769941844, -1.3040209716024314, -1.68721806664746, 1.1345060362244013, 1.3366413412021396, 0.002928024915613362]]	[[0.0, 0.0, 0.0, 0.0, 0.0, 0.0]]
[[1.5639196224180134, -1.1869829298166221, -1.770167218075135, 1.0011956734617933, 1.313411411350213, 0.009658863125942033]]	[[0.0, 0.0, 0.0, 0.0, 0.0, 0.0]]
[[1.6260437896419175, -1.2776800629041465, -1.8058148025816134, 1.0616783296671495, 1.3652434250393986, 0.01005254586419148]]	[[0.0, 0.0, 0.0, 0.0, 0.0, 0.0]]
[[0.9149275780159813, -1.5845110187125016, -1.6046162442235232, 1.2913789264954147, 0.7904618206797255, -0.006406733192308014]]	[[0.0, 0.0, 0.0, 0.0, 0.0, 0.0]]
[[1.550556982302588, -1.3429429129710795, -2.2059578864887377, 0.9919919676463291, 1.299276103584228, 0.06811905276470615]]	[[0.0, 0.0, 0.0, 0.0, 0.0, 0.0]]
[[1.5707686102502312, -1.2067227413386097, -1.8153688973361657, 0.9763427432126067, 1.3219998372707933, 0.0407017845416726]]	[[0.0, 0.0, 0.0, 0.0, 0.0, 0.0]]
[[1.6279567763427665, -1.261240294943422, -1.8291275446001767, 1.072153256119476, 1.3577251438219267, 0.03758548598637894]]	[[0.0, 0.0, 0.0, 0.0, 0.0, 0.0]]
[[0.8906820318225521, -1.6935771891473081, -1.7063438110878368, 1.3852289378509532, 0.7621454918096653, 0.006825658769471907]]	[[0.0, 0.0, 0.0, 0.0, 0.0, 0.0]]
[[1.6560882140752629, -0.9766849642306886, -2.0572606609770996, 0.8695638605484837, 1.3645972041504366, 0.07192911939882092]]	[[0.0, 0.0, 0.0, 0.0, 0.0, 0.0]]
[[1.6212634599713385, -1.3088996574789051, -1.8194342908634655, 1.1097131246839076, 1.3502284049379496, 0.046638145462722796]]	[[0.0, 0.0, 0.0, 0.0, 0.0, 0.0]]
[[1.6225873652063225, -1.2513322785514163, -1.7970738018344297, 1.0716409726147889, 1.3537625441914374, 0.04465363917005523]]	[[0.0, 0.0, 0.0, 0.0, 0.0, 0.0]]
[[1.6520449551552427, -1.0557509787081754, -1.759232729346457, 0.9140151656319109, 1.3762576193278884, 0.03018227523217113]]	[[0.0, 0.0, 0.0, 0.0, 0.0, 0.0]]
[[0.9259501597328316, -1.5498359100269457, -1.5923156653015482, 1.312226842869091, 0.7895056427031922, -0.005002120742840059]]	[[0.0, 0.0, 0.0, 0.0, 0.0, 0.0]]
[[1.651640366339726, -1.093695018795181, -2.090009888390794, 0.9241599912511222, 1.3713055049378644, 0.015460181332520804]]	[[0.0, 0.0, 0.0, 0.0, 0.0, 0.0]]
[[1.6512720814984199, -0.9714950030169388, -1.7742059985897494, 0.8174789429191182, 1.385865067084651, 0.005133457171443789]]	[[0.0, 0.0, 0.0, 0.0, 0.0, 0.0]]
[[1.6402140434048615, -0.848995916522463, -1.7529443101128668, 0.7333163173870932, 1.3780192896205545, -0.014922116381992456]]	[[0.0, 0.0, 0.0, 0.0, 0.0, 0.0]]
[[0.9016377185765602, -1.9246428012057017, -1.4493627511646272, 1.6119888069843573, 0.7781881662066881, -0.03445259948056567]]	[[0.0, 0.0, 0.0, 0.0, 0.0, 0.0]]
[[1.7181329712225644, -0.573619403646733, -1.9958747673037056, 0.527942530523995, 1.4193538661068306, 0.029729496898325734]]	[[0.0, 0.0, 0.0, 0.0, 0.0, 0.0]]
[[1.6044146203972531, -1.2565294955319177, -1.7467849445872417, 1.0748184877255227, 1.3504909846736843, 0.011202041352811595]]	[[0.0, 0.0, 0.0, 0.0, 0.0, 0.0]]
[[1.6152090222088609, -1.3025007022754787, -1.806243112446774, 1.0897074121244574, 1.3539343267384196, 0.010587439287010303]]	[[0.0, 0.0, 0.0, 0.0, 0.0, 0.0]]
[[0.8951254000015775, -1.5871366660448427, -1.377567068229463, 1.3179419863571677, 0.7794010720866817, 0.007304614839588335]]	[[0.0, 0.0, 0.0, 0.0, 0.0, 0.0]]
[[1.6364334346796454, -1.2120670453011162, -1.8399221038846285, 1.027731769604748, 1.3599888031033323, 0.01055186754809993]]	[[0.0, 0.0, 0.0, 0.0, 0.0, 0.0]]
[[1.5873176085514458, -0.9139324194534846, -2.817414266200657, 0.7623138308513027, 1.3126856709459278, 0.02204858930332952]]	[[0.0, 0.0, 0.0, 0.0, 0.0, 0.0]]
[[1.6435756688460028, -1.2178003785647347, -1.025241585706227, 1.0172598259490695, 1.378079460802544, 0.023362582152198913]]	[[0.0, 0.0, 0.0, 0.0, 0.0, 0.0]]
[[3.8039597375268346, -7.395066751997842, 5.827249170548862, 1.5413209285947735, 0.8407125974723755, 0.010713371834011812]]	[[0.0, 0.0, 0.0, 0.0, 0.0, 0.0]]
[[6.670614274669616, -4.384510004664749, 4.074268070204706, 0.9433199047771678, 1.4303369469311533, 0.017699907437901775]]	[[0.0, 0.0, 0.0, 0.0, 0.0, 0.0]]
[[2.1379137440892464, -5.813584864047626, 11.549424458759077, 1.2151166290056206, 0.5474801181338314, 0.004122089844708044]]	[[0.0, 0.0, 0.0, 0.0, 0.0, 0.0]]
[[3.1965528606596516, -3.7920594688978992, 11.016367061705402, 0.7927346359652669, 0.7604959042980571, 0.010431967182589198]]	[[0.0, 0.0, 0.0, 0.0, 0.0, 0.0]]
[[0.08800067848790114, 0.19818704331940748, -0.3101873238351351, -0.12328336608535401, 0.048012432966603985, 0.0009469641437802054]]	[[0.0, 0.0, 0.0, 0.0, 0.0, 0.0]]
[[-0.5232116790504615, -0.8465457436057021, 0.3200251103313543, 0.12307357991234093, -0.07063677153290357, -0.0012597998189121564]]	[[0.0, 0.0, 0.0, 0.0, 0.0, 0.0]]
[[-0.02428846336195942, -0.031399463244193015, -0.17195442323616422, 0.014089514919914555, -0.009971532155052466, 1.5411658254292227e-06]]	[[0.0, 0.0, 0.0, 0.0, 0.0, 0.0]]
[[0.03423336932284288, 0.23511237110614444, -0.3987896345482786, -0.14834454378424822, 0.020002965801764146, 0.0010589000314777952]]	[[0.0, 0.0, 0.0, 0.0, 0.0, 0.0]]
[[-0.3268712315329812, -1.1920185207544676, 0.24006314463653688, 0.1766027045467678, -0.040001899977329905, -0.001060158899595253]]	[[0.0, 0.0, 0.0, 0.0, 0.0, 0.0]]
[[0.1795642429662597, -0.0817366925436013, -0.20790358436782602, 0.05945940745374034, 0.17377596241968235, 0.0030501817649456263]]	[[0.0, 0.0, 0.0, 0.0, 0.0, 0.0]]
[[1.0575855029735035, 0.09331818519490157, -0.6118744343921523, -0.022510449597543065, 0.8505751896999735, 0.0095104312029829]]	[[0.0, 0.0, 0.0, 0.0, 0.0, 0.0]]
[[1.2439177028097843, -0.65056272979753, -0.2097698407516035, 0.45512071741017857, 1.0293060997578931, 0.015524452709582135]]	[[0.0, 0.0, 0.0, 0.0, 0.0, 0.0]]
[[1.2680561731489746, 0.04044975393611877, -0.6511043491488127, 0.022721747048005114, 1.0225707258102168, 0.011494865554295451]]	[[0.0, 0.0, 0.0, 0.0, 0.0, 0.0]]
[[1.2321078369853942, -0.6393844168696162, -0.21689358376665518, 0.44301769507171673, 1.017542858074344, 0.015518473034347032]]	[[0.0, 0.0, 0.0, 0.0, 0.0, 0.0]]
[[1.3276413031847658, 0.02523691720850091, -0.6560700968236661, 0.03716701395138324, 1.0694372979452131, 0.012371384890651118]]	[[0.0, 0.0, 0.0, 0.0, 0.0, 0.0]]
[[1.2231984352966085, -0.6408862146651465, -0.224235406279988, 0.4407949221803459, 1.0089930729343382, 0.015551213198775199]]	[[0.0, 0.0, 0.0, 0.0, 0.0, 0.0]]
[[1.3572671191454442, 0.02001983902297145, -0.6683896862022842, 0.041666074603494585, 1.0906976833957815, 0.01293048898782575]]	[[0.0, 0.0, 0.0, 0.0, 0.0, 0.0]]
[[1.2396841246530634, -0.27676264386357746, -0.4109576896637272, 0.21280985004925412, 1.0081229646124905, 0.011653471609207263]]	[[0.0, 0.0, 0.0, 0.0, 0.0, 0.0]]
[[1.220955402514738, -0.6494394662223139, -0.2409426521980737, 0.4477968965544687, 1.0056988594847673, 0.015893726677987857]]	[[0.0, 0.0, 0.0, 0.0, 0.0, 0.0]]
[[1.3279343046111136, 0.03594686127186584, -0.6462823416097492, 0.028399540830675783, 1.0630516215223538, 0.01271454943830888]]	[[0.0, 0.0, 0.0, 0.0, 0.0, 0.0]]
[[1.0917537792683574, -1.2524387608397467, -0.33096526003928645, 0.919688977427026, 0.8975299518274175, 0.05917327928206885]]	[[0.0, 0.0, 0.0, 0.0, 0.0, 0.0]]
[[1.4015245459636416, 0.07133533688003674, -0.6314192916062948, 0.01716232302427493, 1.121121994671149, 0.010691172116727701]]	[[0.0, 0.0, 0.0, 0.0, 0.0, 0.0]]
[[1.0905070328783646, -1.6222897436942665, -0.37834355034013395, 1.220786272740832, 0.8908255315125572, 0.0889739537904226]]	[[0.0, 0.0, 0.0, 0.0, 0.0, 0.0]]
[[1.3795040465809338, 0.12110457505377423, -0.6311778909382384, -0.016701708534883807, 1.099452964512594, 0.009342013480597417]]	[[0.0, 0.0, 0.0, 0.0, 0.0, 0.0]]
[[1.0696541704324183, -1.4965630546342805, -0.3705134399640206, 1.1122567673788122, 0.8750869459377615, 0.07707011652530894]]	[[0.0, 0.0, 0.0, 0.0, 0.0, 0.0]]
[[1.2799702530481607, -0.30183413098501505, -0.4065295461983988, 0.25686774392894834, 1.0351101310131967, 0.016530359867115197]]	[[0.0, 0.0, 0.0, 0.0, 0.0, 0.0]]
[[1.1343238603296801, -1.4478540404797562, -0.5684140982850914, 1.1574843824284826, 0.9046771003106475, 0.10245789949427614]]	[[0.0, 0.0, 0.0, 0.0, 0.0, 0.0]]
[[1.0368214323277232, -0.5034067421803815, -0.5502576287273753, 0.4081138024567556, 0.839822220384622, 0.014622853011803551]]	[[0.0, 0.0, 0.0, 0.0, 0.0, 0.0]]
[[0.9013347224591862, -0.9383506582580914, -0.647454968076822, 0.7583561539148269, 0.7290366157985912, -0.01488211265747313]]	[[0.0, 0.0, 0.0, 0.0, 0.0, 0.0]]
[[0.72134231700401, -1.3654863277106444, -0.758846664001128, 1.0974507882695108, 0.5961269092958883, -0.04570915761725107]]	[[0.0, 0.0, 0.0, 0.0, 0.0, 0.0]]
[[0.968072964610792, -0.5906654909145784, -0.5912391964362134, 0.46525790056999533, 0.7847490957203754, 0.015124171802122126]]	[[0.0, 0.0, 0.0, 0.0, 0.0, 0.0]]
[[1.4515406503114952, 0.05377668896788746, -0.4703713237647759, 0.03014885537340846, 1.1574895636357094, 0.01691800477932908]]	[[0.0, 0.0, 0.0, 0.0, 0.0, 0.0]]
[[1.0028639146802325, -0.9478949911151057, -0.5324229709245616, 0.6663730321291345, 0.8274042173748942, 0.016507691147655882]]	[[0.0, 0.0, 0.0, 0.0, 0.0, 0.0]]
[[1.447271291051554, 0.08085735982225092, -0.41520533903351925, 0.005891371628409773, 1.1514157995221959, 0.015518920128364947]]	[[0.0, 0.0, 0.0, 0.0, 0.0, 0.0]]
[[1.282146819278235, -0.2875860633322396, -0.41281146310338407, 0.20911778019926436, 1.0356338637958433, 0.009191651377470206]]	[[0.0, 0.0, 0.0, 0.0, 0.0, 0.0]]
[[1.1301763001995153, -0.7944952497696085, -0.50142152527506, 0.5525898517927605, 0.9380963799812504, 0.018001085939626807]]	[[0.0, 0.0, 0.0, 0.0, 0.0, 0.0]]
[[1.4246842029239386, 0.11534403653564419, -0.3347513668596633, -0.026405945421125836, 1.1318456396565801, 0.01285941028358878]]	[[0.0, 0.0, 0.0, 0.0, 0.0, 0.0]]
[[1.2392605842366444, -0.2247825047195007, -0.38288501433380734, 0.1566769272351936, 1.0047190005590383, 0.003566202734253143]]	[[0.0, 0.0, 0.0, 0.0, 0.0, 0.0]]
[[1.202271829203691, -0.16121621229088626, -0.36995695096670905, 0.11060183690730625, 0.9735332115456545, 0.00012926206960954732]]	[[0.0, 0.0, 0.0, 0.0, 0.0, 0.0]]
[[1.1553538943639525, -0.13296449743857716, -0.35063849305459355, 0.09040387242051368, 0.9359892125597388, -0.0010094540153186935]]	[[0.0, 0.0, 0.0, 0.0, 0.0, 0.0]]
[[1.135464237753081, -0.11774597737168985, -0.3461397184587471, 0.0786281576519227, 0.9200333924163032, -0.0018891929533190756]]	[[0.0, 0.0, 0.0, 0.0, 0.0, 0.0]]
[[1.1123320717286487, -0.10363101241826303, -0.3357311352193703, 0.06880915544717342, 0.9011846052039463, -0.002551649778392002]]	[[0.0, 0.0, 0.0, 0.0, 0.0, 0.0]]
[[1.0931850543223323, -0.09223773847744832, -0.3287719769278467, 0.05929211603270783, 0.8855733690238037, -0.0032339394120019164]]	[[0.0, 0.0, 0.0, 0.0, 0.0, 0.0]]
[[1.0614072071621623, -0.07829129625069509, -0.3191940728458688, 0.04901964930871785, 0.8597720400945379, -0.0038371004426088675]]	[[0.0, 0.0, 0.0, 0.0, 0.0, 0.0]]
[[1.1070577198757359, -0.21985926837525002, -0.37567914095338256, 0.1663412947095477, 0.8945192929238307, 0.003703716826692295]]	[[0.0, 0.0, 0.0, 0.0, 0.0, 0.0]]
[[1.1032648742814224, -0.13533096645567524, -0.3901108441757541, 0.09183583730012392, 0.8886795551244452, 0.0009876744896404669]]	[[0.0, 0.0, 0.0, 0.0, 0.0, 0.0]]
[[1.1120584597611989, -0.17317356907473894, -0.39309233145061645, 0.1287967980768039, 0.8956568951259105, 0.0036362355812480716]]	[[0.0, 0.0, 0.0, 0.0, 0.0, 0.0]]
[[1.088390483232541, -0.08012630490534511, -0.35732342159141955, 0.04507338098467005, 0.8788882377430558, -0.0030573987555595566]]	[[0.0, 0.0, 0.0, 0.0, 0.0, 0.0]]
[[0.1400627543056363, 0.0766708455193035, -0.13770770462288778, -0.05054495920679562, 0.12506892676696296, -0.005617630288726158]]	[[0.0, 0.0, 0.0, 0.0, 0.0, 0.0]]
[[1.3837615586265428, -0.8315839533195574, -0.08355967581219076, 0.6538962676156284, 1.1020216906130704, 0.04362191057672396]]	[[0.0, 0.0, 0.0, 0.0, 0.0, 0.0]]
[[1.22458983715682, -0.4505066432190305, -0.3116466247721425, 0.3518799696820364, 1.0235393464005338, 0.033358614900398556]]	[[0.0, 0.0, 0.0, 0.0, 0.0, 0.0]]
[[1.057086318211291, -0.38576754024303594, -0.3029983767885102, 0.27275950918910813, 0.861460376071127, 0.016333688808566164]]	[[0.0, 0.0, 0.0, 0.0, 0.0, 0.0]]
[[1.0412314809719514, -0.19392434092420144, -0.2500635366279291, 0.1506968150016328, 0.8463447680604433, 0.006824407255350075]]	[[0.0, 0.0, 0.0, 0.0, 0.0, 0.0]]
[[0.5243638746479679, -0.27809099240625296, -0.1281606422965051, 0.23210572725569723, 0.4206620189662893, 0.01761412526605857]]	[[0.0, 0.0, 0.0, 0.0, 0.0, 0.0]]
[[1.327710667071384, -0.15034842970727824, -0.4042479113192589, 0.11598327302988937, 1.0853601468464822, 0.005950364032471772]]	[[0.0, 0.0, 0.0, 0.0, 0.0, 0.0]]
[[0.431983501788606, -0.3547319369895864, -0.18696910647954773, 0.27348082936018314, 0.3362813076329857, 0.018323892211254515]]	[[0.0, 0.0, 0.0, 0.0, 0.0, 0.0]]
[[0.9519848840088183, -0.1425917088254284, -0.3338824445041472, 0.11929764402416147, 0.80670103066543, 0.00696932105267688]]	[[0.0, 0.0, 0.0, 0.0, 0.0, 0.0]]
[[0.5878547323441281, -0.5331882106526824, -0.1546993565756391, 0.4183169984329475, 0.47923572637061684, 0.029659367034577992]]	[[0.0, 0.0, 0.0, 0.0, 0.0, 0.0]]
[[1.0410155032701804, -0.09047909768931311, -0.31097789592894726, 0.08226853159938913, 0.8789303611424015, 0.00678495062008072]]	[[0.0, 0.0, 0.0, 0.0, 0.0, 0.0]]
[[0.83469632681692, -0.1249666763394081, -0.36115049687761086, 0.07918665363152325, 0.6897619866202158, 0.0017289113507173487]]	[[0.0, 0.0, 0.0, 0.0, 0.0, 0.0]]
[[0.8447356456616291, -0.07097589017328777, -0.3376320673860537, 0.04982317127547655, 0.6966096515026275, -0.0008714915713182537]]	[[0.0, 0.0, 0.0, 0.0, 0.0, 0.0]]
[[0.83227531092406, -0.07066307548788624, -0.33850054724357287, 0.0447830610841158, 0.6866937503170383, -0.0014845745049293247]]	[[0.0, 0.0, 0.0, 0.0, 0.0, 0.0]]
[[0.8386496732937619, -0.05224914058206317, -0.33170811564205044, 0.034229982668045604, 0.6917298496325957, -0.002375819615486524]]	[[0.0, 0.0, 0.0, 0.0, 0.0, 0.0]]
[[0.8364511181734068, -0.037693354356236095, -0.40125603111130687, 0.015375725523068963, 0.6879250567729507, -0.0029728250137081237]]	[[0.0, 0.0, 0.0, 0.0, 0.0, 0.0]]
[[0.8576826137980863, -0.027964085147462774, -0.33861272734954, 0.025360150777685525, 0.7018282053797629, -0.0054045941721389485]]	[[0.0, 0.0, 0.0, 0.0, 0.0, 0.0]]
[[0.866705742944036, -0.19611201358364871, -0.07165150321693131, 0.15721152156256157, 0.7265721682235271, 0.004494585497762316]]	[[0.0, 0.0, 0.0, 0.0, 0.0, 0.0]]
[[0.8656473214006659, -0.2040684648164439, -0.005207729579298659, 0.19420804394771465, 0.7290146718730042, 0.009816687221240118]]	[[0.0, 0.0, 0.0, 0.0, 0.0, 0.0]]
[[0.3951494065781433, -0.5892126359625888, -0.2569390393288295, 0.4380121610803118, 0.325793071921598, 0.04245788374848147]]	[[0.0, 0.0, 0.0, 0.0, 0.0, 0.0]]
[[6.855966144573618, -1.8422846711531236, 0.26530795661762263, 0.3363132793555984, 1.4309030070984827, 0.021094750066361558]]	[[0.0, 0.0, 0.0, 0.0, 0.0, 0.0]]
[[0.5162474459048157, 0.15088514670719969, -0.11695194671464376, -0.08996058242578786, 0.4439543590479067, -0.008877429488209783]]	[[0.0, 0.0, 0.0, 0.0, 0.0, 0.0]]
[[0.802935278386992, -0.08510936175249785, -0.20158916265628685, 0.03622551141869753, 0.6731751157378912, -0.004515853138786626]]	[[0.0, 0.0, 0.0, 0.0, 0.0, 0.0]]
[[0.8281538205661991, -0.029856864677494554, -0.33266859111027264, 0.049916460397204786, 0.6823455843106039, 0.0018668130540701678]]	[[0.0, 0.0, 0.0, 0.0, 0.0, 0.0]]
[[0.8321419505018427, -0.2255479328517221, -0.07184537843252675, 0.1372980324043431, 0.7036988498693638, 0.0022558379549740167]]	[[0.0, 0.0, 0.0, 0.0, 0.0, 0.0]]
[[0.8361270749366552, 0.012921991430316871, -0.21185965190250794, 0.017441905792038095, 0.6991948203269718, -0.0006178345404383165]]	[[0.0, 0.0, 0.0, 0.0, 0.0, 0.0]]
[[0.8358763656836947, -0.18650592094202484, -0.1045581660062544, 0.12367942578324957, 0.7044617953911275, 0.0024776667168459167]]	[[0.0, 0.0, 0.0, 0.0, 0.0, 0.0]]
[[0.802632453702523, -0.03161034672451343, -0.30934159009556245, 0.025150383425487116, 0.6705563884895859, 0.001628217451828988]]	[[0.0, 0.0, 0.0, 0.0, 0.0, 0.0]]
[[0.8345699482198694, -0.07624784064938352, -0.3434042954060032, 0.03384148848548106, 0.6901457306402261, -0.0027017270758414105]]	[[0.0, 0.0, 0.0, 0.0, 0.0, 0.0]]
[[0.8447785164055002, 0.03552450096772348, -0.37658104525832664, -0.02609093895378433, 0.6922012719777089, -0.0076542490569636475]]	[[0.0, 0.0, 0.0, 0.0, 0.0, 0.0]]
[[0.8346663013171691, -0.03529029545330743, -0.33435660702596376, 0.01778852997842244, 0.6854860366584034, -0.005667905798535328]]	[[0.0, 0.0, 0.0, 0.0, 0.0, 0.0]]
[[3.3791052994134825, -0.5005423650040327, 0.08566578748374831, 0.07604539941162301, 0.719071890497265, -0.002620697748372225]]	[[0.0, 0.0, 0.0, 0.0, 0.0, 0.0]]
[[0.834897668279826, 0.056154554355650865, -0.20437745216398756, -0.014373543182833655, 0.6982607985424013, -0.003319570569384767]]	[[0.0, 0.0, 0.0, 0.0, 0.0, 0.0]]
[[0.8355667467662644, -0.16732978975206486, -0.10286665054556371, 0.11032226546027647, 0.7034824798534937, 0.0006128367447989112]]	[[0.0, 0.0, 0.0, 0.0, 0.0, 0.0]]
[[0.7962848234558401, -0.08734324913379049, -0.05579072129356216, 0.05673430820939816, 0.6809794544769662, 0.0013394501807941304]]	[[0.0, 0.0, 0.0, 0.0, 0.0, 0.0]]
[[0.8259656980797025, -0.0032302717921731715, -0.2590471882722731, 0.01210179091073686, 0.6883185158708431, -0.0019461259220312002]]	[[0.0, 0.0, 0.0, 0.0, 0.0, 0.0]]
[[0.8441113346245787, -0.13074665812727201, -0.09178528135321246, 0.08564525446142743, 0.7103150796453265, -0.0016749880696901793]]	[[0.0, 0.0, 0.0, 0.0, 0.0, 0.0]]
[[3.2042399350397424, -0.36214456933913847, 0.09788259276273359, 0.060051984084634004, 0.6885685768546116, 0.00018421462555403894]]	[[0.0, 0.0, 0.0, 0.0, 0.0, 0.0]]
[[0.8218599128597688, 0.012298783314958464, -0.2362434575581353, 0.00424782305611737, 0.6876840536445001, -0.0016912654978254353]]	[[0.0, 0.0, 0.0, 0.0, 0.0, 0.0]]
[[0.8488246923492315, -0.13873976497652807, -0.0994550272571963, 0.09188122525755436, 0.7095134616572937, -0.0011636179648319876]]	[[0.0, 0.0, 0.0, 0.0, 0.0, 0.0]]
[[3.15309193516664, -0.4349119158555351, 0.405656876178645, 0.07130931660285711, 0.6871244526807874, 0.00036287821279059083]]	[[0.0, 0.0, 0.0, 0.0, 0.0, 0.0]]
[[0.8200430824516729, 0.027379544057847576, -0.2109729836397886, -0.0017100714579065873, 0.6887257755511068, -0.0013745416777350842]]	[[0.0, 0.0, 0.0, 0.0, 0.0, 0.0]]
[[0.8346449646984989, -0.1363562085632313, -0.104604829477628, 0.08869129132921977, 0.699949375542452, -0.0021255246291596018]]	[[0.0, 0.0, 0.0, 0.0, 0.0, 0.0]]
[[0.7686542957938161, -0.10003636118819094, -0.017791272653748302, 0.0687652677394503, 0.6614680517126146, 0.0025646325899110244]]	[[0.0, 0.0, 0.0, 0.0, 0.0, 0.0]]
[[3.2876917308660665, -0.3332275570696772, 0.30697388510506607, 0.049416540358373964, 0.7095317578934867, -0.0019471866267200752]]	[[0.0, 0.0, 0.0, 0.0, 0.0, 0.0]]
[[0.8367272435180402, 0.061172978258503936, -0.21098809795934498, -0.027526686240018472, 0.7012745384606196, -0.004335044160675068]]	[[0.0, 0.0, 0.0, 0.0, 0.0, 0.0]]
[[0.8451974746858566, -0.11889979985995208, -0.09403125263725881, 0.0775549838918568, 0.7092658941834328, -0.0034359390203821056]]	[[0.0, 0.0, 0.0, 0.0, 0.0, 0.0]]
[[0.7925287506510511, -0.08593890111199375, -0.01091430866243831, 0.061168056427444675, 0.6798953782575522, 0.0014251914604438887]]	[[0.0, 0.0, 0.0, 0.0, 0.0, 0.0]]
[[0.824638085277097, -0.07437270865752586, -0.009738777179774283, 0.05202177267650047, 0.7052756462272348, -0.0007202790645303097]]	[[0.0, 0.0, 0.0, 0.0, 0.0, 0.0]]
[[0.8203566777475466, -0.0637312283482329, -0.009209839327787905, 0.04459132676867079, 0.7014208648654706, -0.0014789513506289077]]	[[0.0, 0.0, 0.0, 0.0, 0.0, 0.0]]
[[0.8261852867736121, -0.06169751060880866, -0.007228682379257945, 0.043513024046652395, 0.7061564491946257, -0.00170795327330444]]	[[0.0, 0.0, 0.0, 0.0, 0.0, 0.0]]
[[0.8204950659330373, -0.058484719263214434, -0.007478623442223442, 0.04131023444785897, 0.7013143230705714, -0.0018929335811754709]]	[[0.0, 0.0, 0.0, 0.0, 0.0, 0.0]]
[[0.825518043144601, -0.06030008155480639, -0.005782159458511182, 0.04293074216247504, 0.7055259976119506, -0.0018047903304794608]]	[[0.0, 0.0, 0.0, 0.0, 0.0, 0.0]]
[[0.81996132704424, -0.059227980642733304, -0.006171602617885463, 0.04217272235254211, 0.7009008538597322, -0.0018032810835499422]]	[[0.0, 0.0, 0.0, 0.0, 0.0, 0.0]]
[[0.8192112176647119, -0.060764791450686334, -0.006944646442527291, 0.04330055088197239, 0.700221174406419, -0.0017422052441093208]]	[[0.0, 0.0, 0.0, 0.0, 0.0, 0.0]]
[[0.8183377822546463, -0.06179253768247703, -0.006546823337400143, 0.04413394996298223, 0.6995379605434379, -0.001636072349609976]]	[[0.0, 0.0, 0.0, 0.0, 0.0, 0.0]]
[[0.8177298758556611, -0.0619806472366977, -0.00615327594237719, 0.04431495342487957, 0.6990652488294598, -0.0015933591799063731]]	[[0.0, 0.0, 0.0, 0.0, 0.0, 0.0]]
[[0.8172582379666222, -0.06293926027141364, -0.006273767435114264, 0.04503560678322796, 0.6986718746787671, -0.0015335881719820033]]	[[0.0, 0.0, 0.0, 0.0, 0.0, 0.0]]
[[0.8165510347625857, -0.06388437204173282, -0.006420004220614783, 0.04575395309442848, 0.6980991723707665, -0.0014688919695618515]]	[[0.0, 0.0, 0.0, 0.0, 0.0, 0.0]]
[[0.8161750071271331, -0.06453859813721319, -0.006333541779488028, 0.046272597721677904, 0.6977946169907332, -0.001418116941174168]]	[[0.0, 0.0, 0.0, 0.0, 0.0, 0.0]]
[[0.8160617365625586, -0.06508366298928568, -0.006104272094244523, 0.04670439011160835, 0.6977152354345848, -0.0013742275376206078]]	[[0.0, 0.0, 0.0, 0.0, 0.0, 0.0]]
[[0.8157271529472421, -0.06532139789838597, -0.005961514705960569, 0.04693875024454775, 0.6974357807198945, -0.0013493029032197903]]	[[0.0, 0.0, 0.0, 0.0, 0.0, 0.0]]
[[0.8159368122424718, -0.0656820510172675, -0.005714346476731469, 0.047265689364308944, 0.6976094201693339, -0.0013203631201024323]]	[[0.0, 0.0, 0.0, 0.0, 0.0, 0.0]]
[[0.8092579629355008, -0.06463589083792991, -0.006904589696460961, 0.046425184027254714, 0.6920239417059123, -0.0013518523708452028]]	[[0.0, 0.0, 0.0, 0.0, 0.0, 0.0]]
[[0.814569330674421, -0.06721587574958642, -0.006387751479799364, 0.04841787699832775, 0.696389396442754, -0.0012279304649623689]]	[[0.0, 0.0, 0.0, 0.0, 0.0, 0.0]]
[[5.366528007793246, -0.8637933717890613, 0.21518030406218203, 0.15784628903380574, 1.1135496922694177, 0.004986262438481133]]	[[0.0, 0.0, 0.0, 0.0, 0.0, 0.0]]
[[0.48235884475706897, 0.1097825854432601, -0.13788880651845264, -0.06686159822900993, 0.4118918007137977, -0.005502835938224843]]	[[0.0, 0.0, 0.0, 0.0, 0.0, 0.0]]
[[0.822567537551091, -0.11820020803244882, -0.09587618839215745, 0.07564686028008855, 0.6946981988205962, -0.003925113976044945]]	[[0.0, 0.0, 0.0, 0.0, 0.0, 0.0]]
[[0.7849862852698749, -0.10089669672842454, -0.014176837551640842, 0.07339469484647267, 0.6694358737752241, 0.003175696345347092]]	[[0.0, 0.0, 0.0, 0.0, 0.0, 0.0]]
[[0.8011433767588778, -0.08203624104769483, -0.010900292399227796, 0.05807906667047447, 0.6858633294952998, 2.3094915255416625e-05]]	[[0.0, 0.0, 0.0, 0.0, 0.0, 0.0]]
[[0.8052100648936931, -0.07085056212228842, -0.008647270756213243, 0.05057222809230928, 0.6888415272456563, -0.0008450178046485465]]	[[0.0, 0.0, 0.0, 0.0, 0.0, 0.0]]
[[0.8125632233821602, -0.06859888167900517, -0.006926847107637746, 0.049294585902077914, 0.6947955715369717, -0.001094941913880641]]	[[0.0, 0.0, 0.0, 0.0, 0.0, 0.0]]
[[0.8132889001423035, -0.06735514203707267, -0.00593529042437918, 0.04852081973954817, 0.695444851609999, -0.0011707630885258531]]	[[0.0, 0.0, 0.0, 0.0, 0.0, 0.0]]
[[0.8134650577053505, -0.06740814300213002, -0.0059095731396249795, 0.04859988725775998, 0.6955757689247815, -0.0011795388066600874]]	[[0.0, 0.0, 0.0, 0.0, 0.0, 0.0]]
[[0.8134752588308225, -0.0674996372807321, -0.005790128991334187, 0.048648287510506455, 0.6956000658052887, -0.0011743466705444153]]	[[0.0, 0.0, 0.0, 0.0, 0.0, 0.0]]
[[0.8137058337885523, -0.06766715277534409, -0.005649722021732584, 0.04880933640508526, 0.6957816778475868, -0.0011636191837764048]]	[[0.0, 0.0, 0.0, 0.0, 0.0, 0.0]]
[[0.8137836910668452, -0.06783643141544396, -0.00559036857638201, 0.04895024612727766, 0.6958487862981285, -0.0011512317839464138]]	[[0.0, 0.0, 0.0, 0.0, 0.0, 0.0]]
[[0.8138237982353469, -0.0680798675910492, -0.00551289707363839, 0.04914665190338771, 0.6958886268678283, -0.0011337642981430814]]	[[0.0, 0.0, 0.0, 0.0, 0.0, 0.0]]
[[0.813859968895911, -0.06823673802225896, -0.005437563777869359, 0.049277524694003066, 0.6959192437002706, -0.001121484231560067]]	[[0.0, 0.0, 0.0, 0.0, 0.0, 0.0]]
[[0.8139003457465374, -0.06874498601120646, -0.005416365743274143, 0.04969272373570485, 0.6959411850747743, -0.0010850541314377739]]	[[0.0, 0.0, 0.0, 0.0, 0.0, 0.0]]
[[0.8139655614671641, -0.06832743131504107, -0.005113364504325035, 0.049392606898803475, 0.6960254152560383, -0.0011000651965743717]]	[[0.0, 0.0, 0.0, 0.0, 0.0, 0.0]]
[[5.362882923328437, -0.8670777278022049, 0.21764186984360756, 0.15833238894506238, 1.1133585826701902, 0.004917207981163492]]	[[0.0, 0.0, 0.0, 0.0, 0.0, 0.0]]
[[0.475924841255986, 0.12370122927110921, -0.18790971083327873, -0.07918108099122231, 0.40376965506427187, -0.0056580894800467565]]	[[0.0, 0.0, 0.0, 0.0, 0.0, 0.0]]
[[0.817612049662103, -0.12491593969693181, -0.12525634796057256, 0.07605224847780741, 0.6856103809736671, -0.003246315015477224]]	[[0.0, 0.0, 0.0, 0.0, 0.0, 0.0]]
[[5.280659983244511, -0.8856910345131886, 0.19876855275936856, 0.16214471587311752, 1.095495594208709, 0.0062980477746638385]]	[[0.0, 0.0, 0.0, 0.0, 0.0, 0.0]]
[[0.4852622973501982, 0.10786535023419565, -0.139217754854636, -0.06516422158594527, 0.41443417215229916, -0.005417863714501764]]	[[0.0, 0.0, 0.0, 0.0, 0.0, 0.0]]
[[0.8154248289545817, -0.12110280657053113, -0.09802242729508487, 0.0778221046361839, 0.6882634207414472, -0.003477988054650055]]	[[0.0, 0.0, 0.0, 0.0, 0.0, 0.0]]
[[5.193904612540338, -0.94361182959371, 0.17743525414885775, 0.1712858307033255, 1.0777550626748695, 0.008082595607764316]]	[[0.0, 0.0, 0.0, 0.0, 0.0, 0.0]]
[[0.4757153413366693, 0.10219732537584578, -0.19286947788491288, -0.06827419855795179, 0.4040402376089872, -0.004234431859447302]]	[[0.0, 0.0, 0.0, 0.0, 0.0, 0.0]]
[[0.8176648326767664, -0.1075969698739671, -0.12652420099681944, 0.06288302833125875, 0.6856858299416146, -0.004376145400035469]]	[[0.0, 0.0, 0.0, 0.0, 0.0, 0.0]]
[[5.299271246321663, -0.8642645628200933, 0.1997051915929957, 0.15933284725705063, 1.097543916431552, 0.006269362885126008]]	[[0.0, 0.0, 0.0, 0.0, 0.0, 0.0]]
[[0.48141042319907584, 0.11304116687496216, -0.13761025197593518, -0.06763694596484592, 0.4123356727779136, -0.006071931280932476]]	[[0.0, 0.0, 0.0, 0.0, 0.0, 0.0]]
[[0.8147635437970198, -0.12452441428134947, -0.10014235983806058, 0.08020206358058053, 0.687385237013088, -0.0032670864153737825]]	[[0.0, 0.0, 0.0, 0.0, 0.0, 0.0]]
[[0.7783641718670029, -0.10291531322394074, -0.014906768238484636, 0.07445662320936784, 0.664791460445454, 0.003179878676051896]]	[[0.0, 0.0, 0.0, 0.0, 0.0, 0.0]]
[[0.8057205481361169, -0.08363841647872038, -0.010455976368043574, 0.059245443732163, 0.6897622992159694, 0.0001304749733899477]]	[[0.0, 0.0, 0.0, 0.0, 0.0, 0.0]]
[[0.8102995286972143, -0.07185324784560002, -0.007904929074646405, 0.05126319669758032, 0.693223370335755, -0.0007874592533329572]]	[[0.0, 0.0, 0.0, 0.0, 0.0, 0.0]]
[[5.333340514135464, -0.8606937806242968, 0.2025503850321615, 0.1571238315335526, 1.1059583000418962, 0.0052369482505712755]]	[[0.0, 0.0, 0.0, 0.0, 0.0, 0.0]]
[[0.4837500120206807, 0.10886184399923522, -0.13874531646663252, -0.06604115655990324, 0.41384965657090733, -0.005641205444898975]]	[[0.0, 0.0, 0.0, 0.0, 0.0, 0.0]]
[[0.8161172476084293, -0.11980138161400879, -0.09855800072794046, 0.07680648326638895, 0.6886296721578102, -0.003650669948460322]]	[[0.0, 0.0, 0.0, 0.0, 0.0, 0.0]]
[[0.7808920371020532, -0.10113092912932696, -0.014753188148159901, 0.0732001156102757, 0.6667177077399465, 0.0030757044668171633]]	[[0.0, 0.0, 0.0, 0.0, 0.0, 0.0]]
[[5.2839838666115035, -0.8845673937137332, 0.18968946381096274, 0.16012969751450937, 1.0969253586662415, 0.005581472816959928]]	[[0.0, 0.0, 0.0, 0.0, 0.0, 0.0]]
[[0.48362484099673714, 0.1006117774518482, -0.1402804223895972, -0.061361111432828956, 0.413486635206897, -0.0048911882161477484]]	[[0.0, 0.0, 0.0, 0.0, 0.0, 0.0]]
[[0.8164013581061911, -0.11760855451283668, -0.09763955572981103, 0.07537116081849776, 0.6885580457755033, -0.0036787001554877802]]	[[0.0, 0.0, 0.0, 0.0, 0.0, 0.0]]
[[0.7797930785023273, -0.09891094205419866, -0.014478464266492741, 0.0713233529706706, 0.6662669711521377, 0.0028647241505295063]]	[[0.0, 0.0, 0.0, 0.0, 0.0, 0.0]]
[[0.8013738608245484, -0.0773905731577057, -0.010759625321285105, 0.05476021085414566, 0.685937421137949, -0.00030012013280146575]]	[[0.0, 0.0, 0.0, 0.0, 0.0, 0.0]]
[[0.8110022168589995, -0.06978367620928676, -0.00811581677087142, 0.049825454594668805, 0.6936130416562966, -0.0009842284611954145]]	[[0.0, 0.0, 0.0, 0.0, 0.0, 0.0]]
[[0.8123847978565968, -0.0664193178422559, -0.006706780253834699, 0.047643658260511125, 0.6947080967536448, -0.0012236611046183507]]	[[0.0, 0.0, 0.0, 0.0, 0.0, 0.0]]
[[0.8132460807056807, -0.0661174742420384, -0.0065775654089703095, 0.04751491583670791, 0.6953732118363624, -0.0012744473515305806]]	[[0.0, 0.0, 0.0, 0.0, 0.0, 0.0]]
[[0.8127688682647665, -0.06611164313233601, -0.00647195057299349, 0.04753641475948141, 0.6949803543084696, -0.001267778648499402]]	[[0.0, 0.0, 0.0, 0.0, 0.0, 0.0]]
[[0.8126412095327753, -0.06674635646037284, -0.00660715269776041, 0.0480191227036333, 0.6948574970714565, -0.0012376995827687546]]	[[0.0, 0.0, 0.0, 0.0, 0.0, 0.0]]
[[0.8129869269107836, -0.067315743415432, -0.006160391790326736, 0.04848295317747067, 0.6951671020445936, -0.00118581753506968]]	[[0.0, 0.0, 0.0, 0.0, 0.0, 0.0]]
[[0.8131870126937973, -0.06707505515799177, -0.005595110741030529, 0.04838492792751404, 0.6953547975178923, -0.001181313291521841]]	[[0.0, 0.0, 0.0, 0.0, 0.0, 0.0]]
[[0.8132177684578534, -0.0676993815201456, -0.005900300045428464, 0.04882526139886779, 0.6953725723466057, -0.0011579817284607836]]	[[0.0, 0.0, 0.0, 0.0, 0.0, 0.0]]
[[0.8132800016959281, -0.06794360190996039, -0.005791837590557625, 0.0490204028770883, 0.6954322759424528, -0.0011368585739725018]]	[[0.0, 0.0, 0.0, 0.0, 0.0, 0.0]]
[[0.8135068447445541, -0.06826880682633378, -0.0056852928232595246, 0.049283705715631405, 0.6956183619520678, -0.00111693407114801]]	[[0.0, 0.0, 0.0, 0.0, 0.0, 0.0]]
[[0.8137239377356532, -0.06794023918262507, -0.005341999590306512, 0.04906217917481641, 0.6958216392711603, -0.0011309584924881193]]	[[0.0, 0.0, 0.0, 0.0, 0.0, 0.0]]
[[0.8075677817643778, -0.06659612455140874, -0.0065965744919389, 0.048017098320555306, 0.6906325018718961, -0.0011971934353088125]]	[[0.0, 0.0, 0.0, 0.0, 0.0, 0.0]]
[[5.360264105669119, -0.8661470982624387, 0.21563631002904082, 0.15813098252150434, 1.1128399108520295, 0.004855374168680066]]	[[0.0, 0.0, 0.0, 0.0, 0.0, 0.0]]
[[0.481573633813679, 0.12098046266359867, -0.18678744485156867, -0.07746624591473784, 0.40849969611829406, -0.005526057708483794]]	[[0.0, 0.0, 0.0, 0.0, 0.0, 0.0]]
[[0.8174375702457449, -0.1242345180836737, -0.12447863352352856, 0.0755285303428454, 0.6856458924126276, -0.0031295274625829676]]	[[0.0, 0.0, 0.0, 0.0, 0.0, 0.0]]
[[5.286506828598027, -0.8767010065560595, 0.19958006980830256, 0.1606910286044258, 1.0964820052444857, 0.0060973336748580695]]	[[0.0, 0.0, 0.0, 0.0, 0.0, 0.0]]
[[0.4847335181262872, 0.10860914465312696, -0.13914361957626026, -0.06575870189115654, 0.414118552580642, -0.005531021829388175]]	[[0.0, 0.0, 0.0, 0.0, 0.0, 0.0]]
[[0.8151848049863651, -0.12073119431494858, -0.09795711705162041, 0.07756130070686677, 0.6880937701655413, -0.0035123127748186815]]	[[0.0, 0.0, 0.0, 0.0, 0.0, 0.0]]
[[5.193251021243595, -0.94129904792507, 0.1777690787979067, 0.1708722197795914, 1.0776457850197474, 0.008034839299985207]]	[[0.0, 0.0, 0.0, 0.0, 0.0, 0.0]]
[[0.4753513110938234, 0.10148234141528306, -0.19089655954594636, -0.06821151864839807, 0.4038993326789344, -0.004221877186059313]]	[[0.0, 0.0, 0.0, 0.0, 0.0, 0.0]]
[[0.8178849025160568, -0.10478712744441805, -0.12498400488086586, 0.06110175122536782, 0.6859110369640112, -0.004575652286807719]]	[[0.0, 0.0, 0.0, 0.0, 0.0, 0.0]]
[[5.2959185623220675, -0.8611454273054963, 0.2006236301099611, 0.15869666491687603, 1.0970641562804453, 0.006165157243052725]]	[[0.0, 0.0, 0.0, 0.0, 0.0, 0.0]]
[[0.48149758117484887, 0.1124498326021173, -0.13764314456833654, -0.06746576653027157, 0.4122977574635782, -0.005955049811054456]]	[[0.0, 0.0, 0.0, 0.0, 0.0, 0.0]]
[[0.8144571883678826, -0.12306724333512105, -0.09982859207198164, 0.07913788706957552, 0.6871997043017795, -0.003404633652055866]]	[[0.0, 0.0, 0.0, 0.0, 0.0, 0.0]]
[[0.7786972618812923, -0.10228583012707869, -0.014680755666596157, 0.07411315969775961, 0.6649670724514759, 0.0031698887732856712]]	[[0.0, 0.0, 0.0, 0.0, 0.0, 0.0]]
[[0.8053941016690813, -0.08363071952176647, -0.010528448085618203, 0.0592318528221655, 0.6894926424848583, 0.00013031378833682278]]	[[0.0, 0.0, 0.0, 0.0, 0.0, 0.0]]
[[0.8098684484636687, -0.0722708027945732, -0.008141892354833258, 0.05154072876530742, 0.692864918641576, -0.0007652352458705143]]	[[0.0, 0.0, 0.0, 0.0, 0.0, 0.0]]
[[0.8115309978956021, -0.06795088141153728, -0.0073088829697124935, 0.048699383611969134, 0.6940389856412558, -0.0011259875102936645]]	[[0.0, 0.0, 0.0, 0.0, 0.0, 0.0]]
[[5.333992460658515, -0.8548414616573942, 0.20691920611075276, 0.15622385202519892, 1.106254547901685, 0.005078516054844414]]	[[0.0, 0.0, 0.0, 0.0, 0.0, 0.0]]
[[0.4843583619845785, 0.10849304040890224, -0.13922667468112632, -0.06601242471101205, 0.414143206084843, -0.005599268736576906]]	[[0.0, 0.0, 0.0, 0.0, 0.0, 0.0]]
[[0.8157658474892107, -0.11820559372073458, -0.09769231123733085, 0.07570995676381767, 0.6885039217192138, -0.0037662646405526336]]	[[0.0, 0.0, 0.0, 0.0, 0.0, 0.0]]
[[0.7876873687826491, -0.10218725659508164, -0.013765862736120071, 0.07412466984441875, 0.6722214704415121, 0.003134820633011651]]	[[0.0, 0.0, 0.0, 0.0, 0.0, 0.0]]
[[0.8003595310290101, -0.0806229868832409, -0.010565380505386857, 0.05706159643799834, 0.6852792256689009, -4.478870483845164e-05]]	[[0.0, 0.0, 0.0, 0.0, 0.0, 0.0]]
[[0.8048650713444702, -0.06950991790503712, -0.00881755039187343, 0.04956590399820188, 0.688538479765368, -0.0009368236304757445]]	[[0.0, 0.0, 0.0, 0.0, 0.0, 0.0]]
[[0.8126815880340422, -0.06811577289774878, -0.007179622934782637, 0.048897864283217185, 0.6948833328591861, -0.0011324057998211836]]	[[0.0, 0.0, 0.0, 0.0, 0.0, 0.0]]
[[0.8129379119193165, -0.0670468028313357, -0.0063048699131735275, 0.048239980800501625, 0.6951524617973751, -0.0011955631161001084]]	[[0.0, 0.0, 0.0, 0.0, 0.0, 0.0]]
[[0.8131520542233068, -0.06728949611798843, -0.006279133464363651, 0.048457213458497954, 0.6953110753541107, -0.0011923323463238988]]	[[0.0, 0.0, 0.0, 0.0, 0.0, 0.0]]
[[0.8133197927006623, -0.06690357732846686, -0.005590838783631591, 0.048256894794414265, 0.6954692773793532, -0.0011896651878666323]]	[[0.0, 0.0, 0.0, 0.0, 0.0, 0.0]]
[[0.8133776376594002, -0.06769235967498663, -0.005945615053396247, 0.04881102125461742, 0.6955071763436576, -0.0011597253740950153]]	[[0.0, 0.0, 0.0, 0.0, 0.0, 0.0]]
[[0.8134666287932983, -0.06807619276870232, -0.005786143946474753, 0.04912498802377706, 0.6955896697918641, -0.0011292256022134494]]	[[0.0, 0.0, 0.0, 0.0, 0.0, 0.0]]
[[0.8072445309248033, -0.06596172350609499, -0.006671655033394452, 0.04751660183393729, 0.6903760503687725, -0.0012301376361008372]]	[[0.0, 0.0, 0.0, 0.0, 0.0, 0.0]]
[[0.8133128378603082, -0.06854614461738243, -0.00626133923832034, 0.04945796859509048, 0.6953693370407953, -0.0011212733458716546]]	[[0.0, 0.0, 0.0, 0.0, 0.0, 0.0]]
[[0.8131738145887338, -0.0682559034967474, -0.005406628206917341, 0.049295075716005735, 0.695359260084633, -0.0011019489044510528]]	[[0.0, 0.0, 0.0, 0.0, 0.0, 0.0]]
[[5.36058645872022, -0.8654179182677765, 0.2168532171359845, 0.15800006698829785, 1.1128653839466558, 0.00488850542675398]]	[[0.0, 0.0, 0.0, 0.0, 0.0, 0.0]]
[[0.4813288566732654, 0.1218152756740726, -0.18680558000801278, -0.07817448431609503, 0.4084356863591937, -0.005602837447412258]]	[[0.0, 0.0, 0.0, 0.0, 0.0, 0.0]]
[[0.8183192596997236, -0.12252119927376336, -0.1232805450919296, 0.07466379835400487, 0.6862725340100181, -0.0033857812594698484]]	[[0.0, 0.0, 0.0, 0.0, 0.0, 0.0]]
[[5.2805797985672775, -0.8820323066055503, 0.19921209276304475, 0.1613697715746638, 1.0956099213824892, 0.006163385444271309]]	[[0.0, 0.0, 0.0, 0.0, 0.0, 0.0]]
[[0.47960362855284594, 0.10841020529806995, -0.13789448947553, -0.06553571563068622, 0.40969740991893644, -0.005354337093123133]]	[[0.0, 0.0, 0.0, 0.0, 0.0, 0.0]]
[[0.8147019809879836, -0.11989770239414532, -0.09769049199520058, 0.07694777492770206, 0.6878074398293637, -0.003613685926153917]]	[[0.0, 0.0, 0.0, 0.0, 0.0, 0.0]]
[[0.7873948685545111, -0.10335528375942063, -0.014262354590798887, 0.0749384804998968, 0.6718407806825313, 0.003203641543009764]]	[[0.0, 0.0, 0.0, 0.0, 0.0, 0.0]]
[[5.276937571377043, -0.8869900074389946, 0.19190747719763324, 0.16046408077735758, 1.0959255536002241, 0.005547370221688282]]	[[0.0, 0.0, 0.0, 0.0, 0.0, 0.0]]
[[0.4785694179732538, 0.102045398068608, -0.13869881534094247, -0.0624706892594525, 0.4090260492340486, -0.004883193574447835]]	[[0.0, 0.0, 0.0, 0.0, 0.0, 0.0]]
[[0.8153485103247458, -0.11625626877051005, -0.09691885670885808, 0.07440872539300654, 0.6879893253457868, -0.00380935769412119]]	[[0.0, 0.0, 0.0, 0.0, 0.0, 0.0]]
[[0.7801854396324106, -0.09944824172297127, -0.01489813306529969, 0.07187952474660872, 0.6662282877434901, 0.002932834519540768]]	[[0.0, 0.0, 0.0, 0.0, 0.0, 0.0]]
[[0.8066756493069722, -0.08091504667053451, -0.009750221872728948, 0.057409298724593695, 0.6904278879907688, -8.657942645964508e-05]]	[[0.0, 0.0, 0.0, 0.0, 0.0, 0.0]]
[[0.8047995570986889, -0.06849467710084904, -0.008310674867913759, 0.04889503601268585, 0.6885353318201431, -0.0009954996964894785]]	[[0.0, 0.0, 0.0, 0.0, 0.0, 0.0]]
[[0.8127189797630018, -0.06734809455173361, -0.007071841899420617, 0.04837715322113001, 0.6948989600897939, -0.0011855992241734357]]	[[0.0, 0.0, 0.0, 0.0, 0.0, 0.0]]
[[0.8123353495302944, -0.06675944481818405, -0.006506794031406693, 0.0480103896764532, 0.6946386993288945, -0.0012179946034793067]]	[[0.0, 0.0, 0.0, 0.0, 0.0, 0.0]]
[[0.812859244916912, -0.067125197199727, -0.006385693441820661, 0.048332560078198104, 0.6950572778062976, -0.0012029447414538957]]	[[0.0, 0.0, 0.0, 0.0, 0.0, 0.0]]
[[0.8128854829708502, -0.0674494936381239, -0.006031190923348306, 0.048620434093412095, 0.6950968710311033, -0.0011714032487803066]]	[[0.0, 0.0, 0.0, 0.0, 0.0, 0.0]]
[[0.8130698910397302, -0.06727568812875541, -0.005555801857345111, 0.048554099522361935, 0.6952584228124343, -0.0011656548628859753]]	[[0.0, 0.0, 0.0, 0.0, 0.0, 0.0]]
[[0.813016053269908, -0.06797870438217901, -0.005903429079699707, 0.04904155938515488, 0.6952137855320341, -0.0011365211167274046]]	[[0.0, 0.0, 0.0, 0.0, 0.0, 0.0]]
[[0.8131856170539676, -0.06812566328566494, -0.005745385736021846, 0.04917529121739178, 0.6953557644367199, -0.0011206145580309559]]	[[0.0, 0.0, 0.0, 0.0, 0.0, 0.0]]
[[0.8134557368274602, -0.06794978645662954, -0.005457638957856614, 0.0490507860235067, 0.6955971905613149, -0.0011293985182318595]]	[[0.0, 0.0, 0.0, 0.0, 0.0, 0.0]]
[[0.8073094436165116, -0.06629145111173664, -0.006685267808126338, 0.0477656710169264, 0.6904227382522433, -0.0012173128825841376]]	[[0.0, 0.0, 0.0, 0.0, 0.0, 0.0]]
[[5.360060997697382, -0.8651882543248409, 0.21483809333176773, 0.15794406885357168, 1.1126812860298816, 0.004883467461168669]]	[[0.0, 0.0, 0.0, 0.0, 0.0, 0.0]]
[[0.4809229248309247, 0.12148654599880471, -0.18739423189445187, -0.07783965891267505, 0.4080401304905732, -0.005592359127101487]]	[[0.0, 0.0, 0.0, 0.0, 0.0, 0.0]]
[[0.8174244789329199, -0.1238590342370789, -0.12377193120458813, 0.0754761169245929, 0.6855794073960646, -0.003206912645548285]]	[[0.0, 0.0, 0.0, 0.0, 0.0, 0.0]]
[[5.281464127606937, -0.8771869526082753, 0.19872289471201854, 0.16054313764962624, 1.0956994276970513, 0.006038821613883456]]	[[0.0, 0.0, 0.0, 0.0, 0.0, 0.0]]
[[0.48502749959516706, 0.10745593793612326, -0.139241800065605, -0.06501907177133663, 0.4142043557876973, -0.0053547366638611316]]	[[0.0, 0.0, 0.0, 0.0, 0.0, 0.0]]
[[0.8149486350666915, -0.11942336758234051, -0.09764187028316801, 0.07662035696332206, 0.6879458634277097, -0.0036312544798802536]]	[[0.0, 0.0, 0.0, 0.0, 0.0, 0.0]]
[[0.7873652486793934, -0.10306208601904619, -0.014324835520429013, 0.07465111666690341, 0.6718935597799622, 0.00316378990724883]]	[[0.0, 0.0, 0.0, 0.0, 0.0, 0.0]]
[[5.2782726985303015, -0.8852579875377498, 0.19285341052730964, 0.16023152514251093, 1.0961423493755575, 0.00551446974327397]]	[[0.0, 0.0, 0.0, 0.0, 0.0, 0.0]]
[[0.4787881803579566, 0.10286840272482378, -0.13865686128901128, -0.06287553959583159, 0.40917335159470003, -0.004934374919881652]]	[[0.0, 0.0, 0.0, 0.0, 0.0, 0.0]]
[[0.8152614332769045, -0.11714374707016813, -0.09720044577426096, 0.07502893900540891, 0.6879563635382028, -0.0037529433541689124]]	[[0.0, 0.0, 0.0, 0.0, 0.0, 0.0]]
1
